0.097911
0.36727
0.500363
0.425597
0.058794
-0.383898
-0.811678
-0.85224
-0.540416
0.077375
0.609527
0.949625
0.934536
0.547584
0.065175
-0.343537
-0.364521
-0.23499
-0.060539
0.070118
-0.053797
-0.195746
-0.378981
-0.302282
0.078039
0.496074
0.873213
0.920654
0.639311
0.016809
-0.545344
-0.847283
-0.757841
-0.419941
0.050494
0.41293
0.443676
0.355997
0.190416
0.004934
0.098812
0.334695
0.487672
0.390609
0.091482
-0.471872
-0.822832
-0.862922
-0.541732
0.037119
0.63222
0.969027
0.938331
0.524281
0.054555
-0.316386
-0.417168
-0.258567
-0.002089
0.081358
-0.010683
-0.250513
-0.39542
-0.292397
0.037531
0.541725
0.858324
0.979284
0.632282
0.052913
-0.513068
-0.861395
-0.844621
-0.381213
0.032628
0.441947
0.494978
0.353964
0.10345
0.050774
0.18634
0.348806
0.477618
0.439581
0.030414
-0.376526
-0.748378
-0.839505
-0.572722
0.070455
0.592158
0.997204
0.871991
0.573119
0.016951
-0.299401
-0.380699
-0.213378
-0.045667
0.014124
-0.083163
-0.211765
-0.394188
-0.32972
0.056738
0.487655
0.899056
0.923687
0.679856
0.053336
-0.580099
-0.898054
-0.777465
-0.449933
0.008536
0.397103
0.442733
0.382489
0.126694
0.008359
0.174158
0.298124
0.492837
0.387331
0.09223
-0.421991
-0.760395
-0.836616
-0.490595
0.00287
0.662405
0.970864
0.870277
0.485316
0.037991
-0.338729
-0.43033
-0.232343
-0.048044
0.032509
-0.019183
-0.230955
-0.379461
-0.286177
0.009042
0.568075
0.874133
0.91202
0.610105
0.098793
-0.487907
-0.81546
-0.839317
-0.455718
0.033628
0.359049
0.489247
0.29928
0.142992
0.076076
0.164557
0.331189
0.435143
0.371382
0.028573
-0.429901
-0.789573
-0.827289
-0.516383
0.019417
0.660162
0.998339
0.943339
0.553927
0.064096
-0.268127
-0.343639
-0.208262
-0.080817
0.014051
-0.091364
-0.251841
-0.332385
-0.253401
0.004142
0.562365
0.857352
0.980905
0.640451
0.07046
-0.560346
-0.860592
-0.80016
-0.411101
0.035681
0.419918
0.456588
0.380944
0.103726
0.061474
0.146002
0.33574
0.530424
0.424361
0.001236
-0.376993
-0.768314
-0.816661
-0.57488
0.001497
0.631647
0.908096
0.882109
0.558594
0.042774
-0.296324
-0.405426
-0.211205
-0.029234
0.085678
-0.036877
-0.276193
-0.370418
-0.333459
0.030051
0.509729
0.935126
0.962784
0.662392
0.072465
-0.579946
-0.894496
-0.846667
-0.445903
0.094651
0.436459
0.451768
0.372502
0.171457
0.074792
0.140627
0.311938
0.514634
0.414529
0.03781
-0.3777
-0.813998
-0.880491
-0.50433
0.016679
0.596882
0.918905
0.889236
0.478435
0.036437
-0.32371
-0.398283
-0.293001
-0.081568
0.036554
-0.019824
-0.221855
-0.387019
-0.334675
0.080294
0.491516
0.922518
0.963173
0.661262
0.01351
-0.562322
-0.893592
-0.76412
-0.466779
0.016865
0.438673
0.475335
0.347867
0.122441
0.095509
0.122242
0.374897
0.432223
0.394942
0.089702
-0.404219
-0.756637
-0.845088
-0.516642
0.039524
0.654199
0.984378
0.896149
0.525603
0.033058
-0.247243
-0.355035
-0.22837
0.007792
0.008678
-0.064855
-0.231288
-0.374441
-0.332992
0.005931
0.508226
0.942214
1.002574
0.586029
0.075539
-0.508032
-0.893993
-0.798908
-0.387166
0.083562
0.384966
0.487865
0.332096
0.181928
0.008358
0.135767
0.352306
0.478585
0.401968
0.054226
-0.399437
-0.819389
-0.826667
-0.533762
0.002544
0.677559
0.921943
0.884705
0.488659
0.032441
-0.260313
-0.387379
-0.218315
-0.088176
0.045573
-0.084575
-0.283227
-0.431495
-0.305018
0.020692
0.495659
0.903865
0.979479
0.641578
0.096499
-0.532013
-0.818501
-0.801651
-0.458958
0.051335
0.414244
0.489763
0.336589
0.11708
0.084142
0.125365
0.301872
0.51234
0.445291
0.073475
-0.448532
-0.801094
-0.842954
-0.52814
0.025966
0.603184
0.946022
0.882719
0.539963
0.098792
-0.2897
-0.387006
-0.195881
-0.08117
0.02365
-0.026617
-0.253341
-0.408916
-0.343958
0.066436
0.554518
0.915065
0.979764
0.615021
0.095966
-0.535727
-0.90054
-0.747872
-0.456808
0.018016
0.432158
0.453624
0.354854
0.139914
0.073312
0.107453
0.362039
0.483963
0.428043
0.095897
-0.416062
-0.752085
-0.881777
-0.506618
0.019157
0.63422
0.906013
0.942182
0.536385
0.05548
-0.316476
-0.351742
-0.213961
-0.053189
0.060703
0.001519
-0.246973
-0.38456
-0.331215
0.00958
0.493835
0.911937
0.951883
0.603137
0.05471
-0.524431
-0.897798
-0.780356
-0.408528
0.033938
0.424251
0.528502
0.376326
0.176091
0.045445
0.164536
0.375618
0.52516
0.426136
0.008985
-0.447627
-0.807413
-0.859091
-0.559236
0.011335
0.590186
0.936487
0.856904
0.530043
0.012522
-0.335937
-0.412646
-0.209519
-0.053693
0.051147
-0.053526
-0.222614
-0.410404
-0.279051
0.019434
0.520151
0.924055
0.905338
0.59986
0.072868
-0.495636
-0.852138
-0.842475
-0.410295
0.045931
0.374146
0.507044
0.304955
0.110229
0.014329
0.099445
0.31392
0.442175
0.440693
0.057408
-0.424944
-0.804769
-0.813377
-0.567945
0.061968
0.598933
0.986802
0.848188
0.51572
0.047513
-0.32914
-0.349152
-0.242236
-0.078811
0.079854
-0.024022
-0.265492
-0.355148
-0.309431
0.096588
0.575235
0.849259
0.941124
0.595528
0.055573
-0.503313
-0.883673
-0.816723
-0.439862
0.048003
0.440092
0.494922
0.379278
0.180705
0.057666
0.108089
0.332832
0.464212
0.374919
0.021429
-0.471234
-0.757271
-0.809901
-0.497724
0.082059
0.6575
0.948854
0.896929
0.51129
0.07327
-0.317564
-0.361846
-0.280574
-0.033892
0.037408
-0.073339
-0.285403
-0.429735
-0.246847
0.031412
0.567831
0.933083
0.974899
0.648928
0.090599
-0.513837
-0.874769
-0.778362
-0.45021
0.06326
0.403755
0.485675
0.325856
0.126301
0.056894
0.153595
0.366111
0.464019
0.377563
0.004612
-0.414628
-0.761011
-0.867799
-0.499577
0.091861
0.654241
0.997871
0.942204
0.483009
0.091923
-0.335708
-0.338226
-0.278998
-0.008505
0.053219
-0.058173
-0.219469
-0.35234
-0.302103
0.052941
0.528985
0.893284
0.981896
0.606492
0.065509
-0.534164
-0.857461
-0.802981
-0.388117
0.004868
0.442722
0.435563
0.314212
0.183261
0.077975
0.176073
0.295736
0.482821
0.374858
0.076716
-0.422508
-0.837674
-0.807773
-0.531693
0.074174
0.649856
0.953869
0.851023
0.573365
0.006548
-0.324274
-0.335403
-0.199929
0.004564
0.097017
-0.04087
-0.27101
-0.415173
-0.263773
0.018949
0.509171
0.912486
0.909274
0.66326
0.016081
-0.488704
-0.868258
-0.747901
-0.388979
0.024781
0.367971
0.522698
0.305092
0.186602
0.098019
0.166066
0.381537
0.442624
0.424076
0.025891
-0.452799
-0.814807
-0.810631
-0.572332
0.070288
0.605258
0.956582
0.903865
0.495041
0.050691
-0.276583
-0.421594
-0.278223
-0.006641
0.091677
-0.03541
-0.200884
-0.356414
-0.292225
0.08856
0.537159
0.860301
0.960125
0.597692
0.067915
-0.500009
-0.852144
-0.81011
-0.401515
0.002545
0.396196
0.437215
0.334308
0.113528
0.034839
0.154359
0.297152
0.51205
0.402023
0.05379
-0.411957
-0.776809
-0.804607
-0.54523
0.004483
0.606468
1.004181
0.877637
0.520703
0.014247
-0.327739
-0.427206
-0.228288
-0.067409
0.002191
-0.059131
-0.221008
-0.34354
-0.253384
0.047465
0.485443
0.89989
0.910847
0.663669
0.037764
-0.517929
-0.876655
-0.751527
-0.433621
0.018924
0.441145
0.52334
0.391304
0.156069
0.02019
0.184455
0.323097
0.455107
0.361767
0.08937
-0.385349
-0.794025
-0.903242
-0.532589
0.034371
0.668037
0.928333
0.929222
0.547698
0.097208
-0.311597
-0.367236
-0.232687
-0.05113
0.048259
-0.060719
-0.260017
-0.418074
-0.303872
0.072928
0.484907
0.855767
0.976362
0.610166
0.014785
-0.486794
-0.846244
-0.748778
-0.394212
0.00982
0.358356
0.52684
0.354162
0.190473
0.028436
0.176236
0.322849
0.462059
0.370479
0.064294
-0.384773
-0.792332
-0.80628
-0.523412
0.078413
0.661642
0.92686
0.922979
0.544351
0.025883
-0.34023
-0.354519
-0.247419
-0.003119
0.082101
-0.012022
-0.1982
-0.391275
-0.330999
0.072228
0.554047
0.940904
0.96325
0.607121
0.019336
-0.555746
-0.832664
-0.76045
-0.395728
0.061648
0.383536
0.522079
0.316498
0.134781
0.02179
0.168653
0.344387
0.485338
0.429979
0.091185
-0.386099
-0.803865
-0.847632
-0.547286
0.015153
0.586225
0.939693
0.849235
0.559308
0.012852
-0.294433
-0.399566
-0.258405
-0.06658
0.0878
-0.04215
-0.269474
-0.332681
-0.322917
0.056257
0.541328
0.884606
0.941629
0.630189
0.065754
-0.561263
-0.903853
-0.79073
-0.450923
0.096406
0.379047
0.518242
0.362239
0.096277
0.042876
0.16178
0.378011
0.458697
0.35868
0.082284
-0.444665
-0.803149
-0.815407
-0.489638
0.09101
0.635438
0.941832
0.856547
0.564492
0.099813
-0.318179
-0.419672
-0.290083
-0.013989
0.083569
-0.055919
-0.257622
-0.430436
-0.277385
0.0061
0.515979
0.908006
0.99376
0.61831
0.001543
-0.535351
-0.899117
-0.829096
-0.456206
0.000256
0.376039
0.480801
0.382116
0.150624
0.018162
0.166605
0.30636
0.447567
0.406553
0.077535
-0.439301
-0.842485
-0.819257
-0.544317
0.07844
0.623969
0.977282
0.903853
0.526331
0.09465
-0.32974
-0.350568
-0.286092
-0.062614
0.015146
-0.088102
-0.281699
-0.397238
-0.31189
0.036393
0.481938
0.889484
0.955059
0.662317
0.005069
-0.503866
-0.861251
-0.781591
-0.391141
0.042585
0.378318
0.520022
0.321098
0.110956
0.008048
0.139262
0.313787
0.47464
0.407562
0.058446
-0.454213
-0.84537
-0.813975
-0.480999
0.010004
0.665455
0.931345
0.931231
0.562228
0.023416
-0.256999
-0.333008
-0.200222
-0.044808
0.065249
-0.071637
-0.273911
-0.332033
-0.306899
0.020117
0.480633
0.907756
0.986501
0.596889
0.038615
-0.566205
-0.817764
-0.756176
-0.403098
0.035555
0.444095
0.510418
0.30794
0.179051
0.0615
0.098928
0.345776
0.46455
0.435004
0.060468
-0.383262
-0.788087
-0.831224
-0.523793
0.03344
0.633217
0.944808
0.92068
0.483308
0.058446
-0.25489
-0.402245
-0.206168
0.002455
0.09808
0.001098
-0.204013
-0.342597
-0.276006
0.076104
0.519721
0.848375
0.954724
0.595388
0.017591
-0.554098
-0.823085
-0.832739
-0.39498
0.031532
0.407808
0.506202
0.365729
0.11226
0.015105
0.156834
0.390595
0.502499
0.376821
0.02225
-0.468862
-0.828902
-0.865065
-0.521754
0.008702
0.582262
0.990812
0.858668
0.479814
0.004871
-0.339759
-0.382635
-0.254824
-0.058774
0.040762
-0.064244
-0.20798
-0.406088
-0.248284
0.06514
0.50279
0.909789
0.948749
0.59444
0.095172
-0.482355
-0.813955
-0.750694
-0.449014
0.038131
0.43297
0.460675
0.310682
0.140371
0.003175
0.148347
0.304243
0.480985
0.429534
0.059744
-0.451427
-0.761063
-0.903347
-0.542992
0.066439
0.606244
0.972373
0.84985
0.538147
0.03746
-0.270762
-0.385688
-0.243512
-0.051111
0.040176
-0.046009
-0.222313
-0.415061
-0.344722
0.065446
0.52138
0.896401
0.990178
0.672997
0.031288
-0.488687
-0.839813
-0.747661
-0.454405
0.003323
0.431151
0.498745
0.359902
0.147358
0.026276
0.119546
0.357631
0.468306
0.368227
0.007975
-0.405726
-0.835639
-0.826552
-0.4989
0.075505
0.610725
0.999256
0.84949
0.538016
0.030475
-0.274609
-0.394095
-0.244471
-0.0076
0.500147
