0
0.01953601954
0.03907203907
0.05860805861
0.07814407814
0.09768009768
0.1172161172
0.1367521368
0.1562881563
0.1758241758
0.1953601954
0.2148962149
0.2344322344
0.253968254
0.2735042735
0.293040293
0.3125763126
0.3321123321
0.3516483516
0.3711843712
0.3907203907
0.4102564103
0.4297924298
0.4493284493
0.4688644689
0.4884004884
0.5079365079
0.5274725275
0.547008547
0.5665445665
0.5860805861
0.6056166056
0.6251526252
0.6446886447
0.6642246642
0.6837606838
0.7032967033
0.7228327228
0.7423687424
0.7619047619
0.7814407814
0.800976801
0.8205128205
0.84004884
0.8595848596
0.8791208791
0.8986568987
0.9181929182
0.9377289377
0.9572649573
0.9768009768
0.9963369963
1.015873016
1.035409035
1.054945055
1.074481074
1.094017094
1.113553114
1.133089133
1.152625153
1.172161172
1.191697192
1.211233211
1.230769231
1.25030525
1.26984127
1.289377289
1.308913309
1.328449328
1.347985348
1.367521368
1.387057387
1.406593407
1.426129426
1.445665446
1.465201465
1.484737485
1.504273504
1.523809524
1.543345543
1.562881563
1.582417582
1.601953602
1.621489621
1.641025641
1.660561661
1.68009768
1.6996337
1.719169719
1.738705739
1.758241758
1.777777778
1.797313797
1.816849817
1.836385836
1.855921856
1.875457875
1.894993895
1.914529915
1.934065934
1.953601954
1.973137973
1.992673993
2.012210012
2.031746032
2.051282051
2.070818071
2.09035409
2.10989011
2.129426129
2.148962149
2.168498168
2.188034188
2.207570208
2.227106227
2.246642247
2.266178266
2.285714286
2.305250305
2.324786325
2.344322344
2.363858364
2.383394383
2.402930403
2.422466422
2.442002442
2.461538462
2.481074481
2.500610501
2.52014652
2.53968254
2.559218559
2.578754579
2.598290598
2.617826618
2.637362637
2.656898657
2.676434676
2.695970696
2.715506716
2.735042735
2.754578755
2.774114774
2.793650794
2.813186813
2.832722833
2.852258852
2.871794872
2.891330891
2.910866911
2.93040293
2.94993895
2.969474969
2.989010989
3.008547009
3.028083028
3.047619048
3.067155067
3.086691087
3.106227106
3.125763126
3.145299145
3.164835165
3.184371184
3.203907204
3.223443223
3.242979243
3.262515263
3.282051282
3.301587302
3.321123321
3.340659341
3.36019536
3.37973138
3.399267399
3.418803419
3.438339438
3.457875458
3.477411477
3.496947497
3.516483516
3.536019536
3.555555556
3.575091575
3.594627595
3.614163614
3.633699634
3.653235653
3.672771673
3.692307692
3.711843712
3.731379731
3.750915751
3.77045177
3.78998779
3.80952381
3.829059829
3.848595849
3.868131868
3.887667888
3.907203907
3.926739927
3.946275946
3.965811966
3.985347985
4.004884005
4.024420024
4.043956044
4.063492063
4.083028083
4.102564103
4.122100122
4.141636142
4.161172161
4.180708181
4.2002442
4.21978022
4.239316239
4.258852259
4.278388278
4.297924298
4.317460317
4.336996337
4.356532357
4.376068376
4.395604396
4.415140415
4.434676435
4.454212454
4.473748474
4.493284493
4.512820513
4.532356532
4.551892552
4.571428571
4.590964591
4.61050061
4.63003663
4.64957265
4.669108669
4.688644689
4.708180708
4.727716728
4.747252747
4.766788767
4.786324786
4.805860806
4.825396825
4.844932845
4.864468864
4.884004884
4.903540904
4.923076923
4.942612943
4.962148962
4.981684982
5.001221001
5.020757021
5.04029304
5.05982906
5.079365079
5.098901099
5.118437118
5.137973138
5.157509158
5.177045177
5.196581197
5.216117216
5.235653236
5.255189255
5.274725275
5.294261294
5.313797314
5.333333333
5.352869353
5.372405372
5.391941392
5.411477411
5.431013431
5.450549451
5.47008547
5.48962149
5.509157509
5.528693529
5.548229548
5.567765568
5.587301587
5.606837607
5.626373626
5.645909646
5.665445665
5.684981685
5.704517705
5.724053724
5.743589744
5.763125763
5.782661783
5.802197802
5.821733822
5.841269841
5.860805861
5.88034188
5.8998779
5.919413919
5.938949939
5.958485958
5.978021978
5.997557998
6.017094017
6.036630037
6.056166056
6.075702076
6.095238095
6.114774115
6.134310134
6.153846154
6.173382173
6.192918193
6.212454212
6.231990232
6.251526252
6.271062271
6.290598291
6.31013431
6.32967033
6.349206349
6.368742369
6.388278388
6.407814408
6.427350427
6.446886447
6.466422466
6.485958486
6.505494505
6.525030525
6.544566545
6.564102564
6.583638584
6.603174603
6.622710623
6.642246642
6.661782662
6.681318681
6.700854701
6.72039072
6.73992674
6.759462759
6.778998779
6.798534799
6.818070818
6.837606838
6.857142857
6.876678877
6.896214896
6.915750916
6.935286935
6.954822955
6.974358974
6.993894994
7.013431013
7.032967033
7.052503053
7.072039072
7.091575092
7.111111111
7.130647131
7.15018315
7.16971917
7.189255189
7.208791209
7.228327228
7.247863248
7.267399267
7.286935287
7.306471306
7.326007326
7.345543346
7.365079365
7.384615385
7.404151404
7.423687424
7.443223443
7.462759463
7.482295482
7.501831502
7.521367521
7.540903541
7.56043956
7.57997558
7.5995116
7.619047619
7.638583639
7.658119658
7.677655678
7.697191697
7.716727717
7.736263736
7.755799756
7.775335775
7.794871795
7.814407814
7.833943834
7.853479853
7.873015873
7.892551893
7.912087912
7.931623932
7.951159951
7.970695971
7.99023199
8.00976801
8.029304029
8.048840049
8.068376068
8.087912088
8.107448107
8.126984127
8.146520147
8.166056166
8.185592186
8.205128205
8.224664225
8.244200244
8.263736264
8.283272283
8.302808303
8.322344322
8.341880342
8.361416361
8.380952381
8.4004884
8.42002442
8.43956044
8.459096459
8.478632479
8.498168498
8.517704518
8.537240537
8.556776557
8.576312576
8.595848596
8.615384615
8.634920635
8.654456654
8.673992674
8.693528694
8.713064713
8.732600733
8.752136752
8.771672772
8.791208791
8.810744811
8.83028083
8.84981685
8.869352869
8.888888889
8.908424908
8.927960928
8.947496947
8.967032967
8.986568987
9.006105006
9.025641026
9.045177045
9.064713065
9.084249084
9.103785104
9.123321123
9.142857143
9.162393162
9.181929182
9.201465201
9.221001221
9.240537241
9.26007326
9.27960928
9.299145299
9.318681319
9.338217338
9.357753358
9.377289377
9.396825397
9.416361416
9.435897436
9.455433455
9.474969475
9.494505495
9.514041514
9.533577534
9.553113553
9.572649573
9.592185592
9.611721612
9.631257631
9.650793651
9.67032967
9.68986569
9.709401709
9.728937729
9.748473748
9.768009768
9.787545788
9.807081807
9.826617827
9.846153846
9.865689866
9.885225885
9.904761905
9.924297924
9.943833944
9.963369963
9.982905983
10.002442
10.02197802
10.04151404
10.06105006
10.08058608
10.1001221
10.11965812
10.13919414
10.15873016
10.17826618
10.1978022
10.21733822
10.23687424
10.25641026
10.27594628
10.2954823
10.31501832
10.33455433
10.35409035
10.37362637
10.39316239
10.41269841
10.43223443
10.45177045
10.47130647
10.49084249
10.51037851
10.52991453
10.54945055
10.56898657
10.58852259
10.60805861
10.62759463
10.64713065
10.66666667
10.68620269
10.70573871
10.72527473
10.74481074
10.76434676
10.78388278
10.8034188
10.82295482
10.84249084
10.86202686
10.88156288
10.9010989
10.92063492
10.94017094
10.95970696
10.97924298
10.998779
11.01831502
11.03785104
11.05738706
11.07692308
11.0964591
11.11599512
11.13553114
11.15506716
11.17460317
11.19413919
11.21367521
11.23321123
11.25274725
11.27228327
11.29181929
11.31135531
11.33089133
11.35042735
11.36996337
11.38949939
11.40903541
11.42857143
11.44810745
11.46764347
11.48717949
11.50671551
11.52625153
11.54578755
11.56532357
11.58485958
11.6043956
11.62393162
11.64346764
11.66300366
11.68253968
11.7020757
11.72161172
11.74114774
11.76068376
11.78021978
11.7997558
11.81929182
11.83882784
11.85836386
11.87789988
11.8974359
11.91697192
11.93650794
11.95604396
11.97557998
11.995116
12.01465201
12.03418803
12.05372405
12.07326007
12.09279609
12.11233211
12.13186813
12.15140415
12.17094017
12.19047619
12.21001221
12.22954823
12.24908425
12.26862027
12.28815629
12.30769231
12.32722833
12.34676435
12.36630037
12.38583639
12.40537241
12.42490842
12.44444444
12.46398046
12.48351648
12.5030525
12.52258852
12.54212454
12.56166056
12.58119658
12.6007326
12.62026862
12.63980464
12.65934066
12.67887668
12.6984127
12.71794872
12.73748474
12.75702076
12.77655678
12.7960928
12.81562882
12.83516484
12.85470085
12.87423687
12.89377289
12.91330891
12.93284493
12.95238095
12.97191697
12.99145299
13.01098901
13.03052503
13.05006105
13.06959707
13.08913309
13.10866911
13.12820513
13.14774115
13.16727717
13.18681319
13.20634921
13.22588523
13.24542125
13.26495726
13.28449328
13.3040293
13.32356532
13.34310134
13.36263736
13.38217338
13.4017094
13.42124542
13.44078144
13.46031746
13.47985348
13.4993895
13.51892552
13.53846154
13.55799756
13.57753358
13.5970696
13.61660562
13.63614164
13.65567766
13.67521368
13.69474969
13.71428571
13.73382173
13.75335775
13.77289377
13.79242979
13.81196581
13.83150183
13.85103785
13.87057387
13.89010989
13.90964591
13.92918193
13.94871795
13.96825397
13.98778999
14.00732601
14.02686203
14.04639805
14.06593407
14.08547009
14.10500611
14.12454212
14.14407814
14.16361416
14.18315018
14.2026862
14.22222222
14.24175824
14.26129426
14.28083028
14.3003663
14.31990232
14.33943834
14.35897436
14.37851038
14.3980464
14.41758242
14.43711844
14.45665446
14.47619048
14.4957265
14.51526252
14.53479853
14.55433455
14.57387057
14.59340659
14.61294261
14.63247863
14.65201465
14.67155067
14.69108669
14.71062271
14.73015873
14.74969475
14.76923077
14.78876679
14.80830281
14.82783883
14.84737485
14.86691087
14.88644689
14.90598291
14.92551893
14.94505495
14.96459096
14.98412698
15.003663
15.02319902
15.04273504
15.06227106
15.08180708
15.1013431
15.12087912
15.14041514
15.15995116
15.17948718
15.1990232
15.21855922
15.23809524
15.25763126
15.27716728
15.2967033
15.31623932
15.33577534
15.35531136
15.37484737
15.39438339
15.41391941
15.43345543
15.45299145
15.47252747
15.49206349
15.51159951
15.53113553
15.55067155
15.57020757
15.58974359
15.60927961
15.62881563
15.64835165
15.66788767
15.68742369
15.70695971
15.72649573
15.74603175
15.76556777
15.78510379
15.8046398
15.82417582
15.84371184
15.86324786
15.88278388
15.9023199
15.92185592
15.94139194
15.96092796
15.98046398
16
16.01953602
16.03907204
16.05860806
16.07814408
16.0976801
16.11721612
16.13675214
16.15628816
16.17582418
16.1953602
16.21489621
16.23443223
16.25396825
16.27350427
16.29304029
16.31257631
16.33211233
16.35164835
16.37118437
16.39072039
16.41025641
16.42979243
16.44932845
16.46886447
16.48840049
16.50793651
16.52747253
16.54700855
16.56654457
16.58608059
16.60561661
16.62515263
16.64468864
16.66422466
16.68376068
16.7032967
16.72283272
16.74236874
16.76190476
16.78144078
16.8009768
16.82051282
16.84004884
16.85958486
16.87912088
16.8986569
16.91819292
16.93772894
16.95726496
16.97680098
16.996337
17.01587302
17.03540904
17.05494505
17.07448107
17.09401709
17.11355311
17.13308913
17.15262515
17.17216117
17.19169719
17.21123321
17.23076923
17.25030525
17.26984127
17.28937729
17.30891331
17.32844933
17.34798535
17.36752137
17.38705739
17.40659341
17.42612943
17.44566545
17.46520147
17.48473748
17.5042735
17.52380952
17.54334554
17.56288156
17.58241758
17.6019536
17.62148962
17.64102564
17.66056166
17.68009768
17.6996337
17.71916972
17.73870574
17.75824176
17.77777778
17.7973138
17.81684982
17.83638584
17.85592186
17.87545788
17.89499389
17.91452991
17.93406593
17.95360195
17.97313797
17.99267399
18.01221001
18.03174603
18.05128205
18.07081807
18.09035409
18.10989011
18.12942613
18.14896215
18.16849817
18.18803419
18.20757021
18.22710623
18.24664225
18.26617827
18.28571429
18.30525031
18.32478632
18.34432234
18.36385836
18.38339438
18.4029304
18.42246642
18.44200244
18.46153846
18.48107448
18.5006105
18.52014652
18.53968254
18.55921856
18.57875458
18.5982906
18.61782662
18.63736264
18.65689866
18.67643468
18.6959707
18.71550672
18.73504274
18.75457875
18.77411477
18.79365079
18.81318681
18.83272283
18.85225885
18.87179487
18.89133089
18.91086691
18.93040293
18.94993895
18.96947497
18.98901099
19.00854701
19.02808303
19.04761905
19.06715507
19.08669109
19.10622711
19.12576313
19.14529915
19.16483516
19.18437118
19.2039072
19.22344322
19.24297924
19.26251526
19.28205128
19.3015873
19.32112332
19.34065934
19.36019536
19.37973138
19.3992674
19.41880342
19.43833944
19.45787546
19.47741148
19.4969475
19.51648352
19.53601954
19.55555556
19.57509158
19.59462759
19.61416361
19.63369963
19.65323565
19.67277167
19.69230769
19.71184371
19.73137973
19.75091575
19.77045177
19.78998779
19.80952381
19.82905983
19.84859585
19.86813187
19.88766789
19.90720391
19.92673993
19.94627595
19.96581197
19.98534799
20.004884
20.02442002
20.04395604
20.06349206
20.08302808
20.1025641
20.12210012
20.14163614
20.16117216
20.18070818
20.2002442
20.21978022
20.23931624
20.25885226
20.27838828
20.2979243
20.31746032
20.33699634
20.35653236
20.37606838
20.3956044
20.41514042
20.43467643
20.45421245
20.47374847
20.49328449
20.51282051
20.53235653
20.55189255
20.57142857
20.59096459
20.61050061
20.63003663
20.64957265
20.66910867
20.68864469
20.70818071
20.72771673
20.74725275
20.76678877
20.78632479
20.80586081
20.82539683
20.84493284
20.86446886
20.88400488
20.9035409
20.92307692
20.94261294
20.96214896
20.98168498
21.001221
21.02075702
21.04029304
21.05982906
21.07936508
21.0989011
21.11843712
21.13797314
21.15750916
21.17704518
21.1965812
21.21611722
21.23565324
21.25518926
21.27472527
21.29426129
21.31379731
21.33333333
21.35286935
21.37240537
21.39194139
21.41147741
21.43101343
21.45054945
21.47008547
21.48962149
21.50915751
21.52869353
21.54822955
21.56776557
21.58730159
21.60683761
21.62637363
21.64590965
21.66544567
21.68498168
21.7045177
21.72405372
21.74358974
21.76312576
21.78266178
21.8021978
21.82173382
21.84126984
21.86080586
21.88034188
21.8998779
21.91941392
21.93894994
21.95848596
21.97802198
21.997558
22.01709402
22.03663004
22.05616606
22.07570208
22.0952381
22.11477411
22.13431013
22.15384615
22.17338217
22.19291819
22.21245421
22.23199023
22.25152625
22.27106227
22.29059829
22.31013431
22.32967033
22.34920635
22.36874237
22.38827839
22.40781441
22.42735043
22.44688645
22.46642247
22.48595849
22.50549451
22.52503053
22.54456654
22.56410256
22.58363858
22.6031746
22.62271062
22.64224664
22.66178266
22.68131868
22.7008547
22.72039072
22.73992674
22.75946276
22.77899878
22.7985348
22.81807082
22.83760684
22.85714286
22.87667888
22.8962149
22.91575092
22.93528694
22.95482295
22.97435897
22.99389499
23.01343101
23.03296703
23.05250305
23.07203907
23.09157509
23.11111111
23.13064713
23.15018315
23.16971917
23.18925519
23.20879121
23.22832723
23.24786325
23.26739927
23.28693529
23.30647131
23.32600733
23.34554335
23.36507937
23.38461538
23.4041514
23.42368742
23.44322344
23.46275946
23.48229548
23.5018315
23.52136752
23.54090354
23.56043956
23.57997558
23.5995116
23.61904762
23.63858364
23.65811966
23.67765568
23.6971917
23.71672772
23.73626374
23.75579976
23.77533578
23.79487179
23.81440781
23.83394383
23.85347985
23.87301587
23.89255189
23.91208791
23.93162393
23.95115995
23.97069597
23.99023199
24.00976801
24.02930403
24.04884005
24.06837607
24.08791209
24.10744811
24.12698413
24.14652015
24.16605617
24.18559219
24.20512821
24.22466422
24.24420024
24.26373626
24.28327228
24.3028083
24.32234432
24.34188034
24.36141636
24.38095238
24.4004884
24.42002442
24.43956044
24.45909646
24.47863248
24.4981685
24.51770452
24.53724054
24.55677656
24.57631258
24.5958486
24.61538462
24.63492063
24.65445665
24.67399267
24.69352869
24.71306471
24.73260073
24.75213675
24.77167277
24.79120879
24.81074481
24.83028083
24.84981685
24.86935287
24.88888889
24.90842491
24.92796093
24.94749695
24.96703297
24.98656899
25.00610501
25.02564103
25.04517705
25.06471306
25.08424908
25.1037851
25.12332112
25.14285714
25.16239316
25.18192918
25.2014652
25.22100122
25.24053724
25.26007326
25.27960928
25.2991453
25.31868132
25.33821734
25.35775336
25.37728938
25.3968254
25.41636142
25.43589744
25.45543346
25.47496947
25.49450549
25.51404151
25.53357753
25.55311355
25.57264957
25.59218559
25.61172161
25.63125763
25.65079365
25.67032967
25.68986569
25.70940171
25.72893773
25.74847375
25.76800977
25.78754579
25.80708181
25.82661783
25.84615385
25.86568987
25.88522589
25.9047619
25.92429792
25.94383394
25.96336996
25.98290598
26.002442
26.02197802
26.04151404
26.06105006
26.08058608
26.1001221
26.11965812
26.13919414
26.15873016
26.17826618
26.1978022
26.21733822
26.23687424
26.25641026
26.27594628
26.2954823
26.31501832
26.33455433
26.35409035
26.37362637
26.39316239
26.41269841
26.43223443
26.45177045
26.47130647
26.49084249
26.51037851
26.52991453
26.54945055
26.56898657
26.58852259
26.60805861
26.62759463
26.64713065
26.66666667
26.68620269
26.70573871
26.72527473
26.74481074
26.76434676
26.78388278
26.8034188
26.82295482
26.84249084
26.86202686
26.88156288
26.9010989
26.92063492
26.94017094
26.95970696
26.97924298
26.998779
27.01831502
27.03785104
27.05738706
27.07692308
27.0964591
27.11599512
27.13553114
27.15506716
27.17460317
27.19413919
27.21367521
27.23321123
27.25274725
27.27228327
27.29181929
27.31135531
27.33089133
27.35042735
27.36996337
27.38949939
27.40903541
27.42857143
27.44810745
27.46764347
27.48717949
27.50671551
27.52625153
27.54578755
27.56532357
27.58485958
27.6043956
27.62393162
27.64346764
27.66300366
27.68253968
27.7020757
27.72161172
27.74114774
27.76068376
27.78021978
27.7997558
27.81929182
27.83882784
27.85836386
27.87789988
27.8974359
27.91697192
27.93650794
27.95604396
27.97557998
27.995116
28.01465201
28.03418803
28.05372405
28.07326007
28.09279609
28.11233211
28.13186813
28.15140415
28.17094017
28.19047619
28.21001221
28.22954823
28.24908425
28.26862027
28.28815629
28.30769231
28.32722833
28.34676435
28.36630037
28.38583639
28.40537241
28.42490842
28.44444444
28.46398046
28.48351648
28.5030525
28.52258852
28.54212454
28.56166056
28.58119658
28.6007326
28.62026862
28.63980464
28.65934066
28.67887668
28.6984127
28.71794872
28.73748474
28.75702076
28.77655678
28.7960928
28.81562882
28.83516484
28.85470085
28.87423687
28.89377289
28.91330891
28.93284493
28.95238095
28.97191697
28.99145299
29.01098901
29.03052503
29.05006105
29.06959707
29.08913309
29.10866911
29.12820513
29.14774115
29.16727717
29.18681319
29.20634921
29.22588523
29.24542125
29.26495726
29.28449328
29.3040293
29.32356532
29.34310134
29.36263736
29.38217338
29.4017094
29.42124542
29.44078144
29.46031746
29.47985348
29.4993895
29.51892552
29.53846154
29.55799756
29.57753358
29.5970696
29.61660562
29.63614164
29.65567766
29.67521368
29.69474969
29.71428571
29.73382173
29.75335775
29.77289377
29.79242979
29.81196581
29.83150183
29.85103785
29.87057387
29.89010989
29.90964591
29.92918193
29.94871795
29.96825397
29.98778999
30.00732601
30.02686203
30.04639805
30.06593407
30.08547009
30.10500611
30.12454212
30.14407814
30.16361416
30.18315018
30.2026862
30.22222222
30.24175824
30.26129426
30.28083028
30.3003663
30.31990232
30.33943834
30.35897436
30.37851038
30.3980464
30.41758242
30.43711844
30.45665446
30.47619048
30.4957265
30.51526252
30.53479853
30.55433455
30.57387057
30.59340659
30.61294261
30.63247863
30.65201465
30.67155067
30.69108669
30.71062271
30.73015873
30.74969475
30.76923077
30.78876679
30.80830281
30.82783883
30.84737485
30.86691087
30.88644689
30.90598291
30.92551893
30.94505495
30.96459096
30.98412698
31.003663
31.02319902
31.04273504
31.06227106
31.08180708
31.1013431
31.12087912
31.14041514
31.15995116
31.17948718
31.1990232
31.21855922
31.23809524
31.25763126
31.27716728
31.2967033
31.31623932
31.33577534
31.35531136
31.37484737
31.39438339
31.41391941
31.43345543
31.45299145
31.47252747
31.49206349
31.51159951
31.53113553
31.55067155
31.57020757
31.58974359
31.60927961
31.62881563
31.64835165
31.66788767
31.68742369
31.70695971
31.72649573
31.74603175
31.76556777
31.78510379
31.8046398
31.82417582
31.84371184
31.86324786
31.88278388
31.9023199
31.92185592
31.94139194
31.96092796
31.98046398
32
32.01953602
32.03907204
32.05860806
32.07814408
32.0976801
32.11721612
32.13675214
32.15628816
32.17582418
32.1953602
32.21489621
32.23443223
32.25396825
32.27350427
32.29304029
32.31257631
32.33211233
32.35164835
32.37118437
32.39072039
32.41025641
32.42979243
32.44932845
32.46886447
32.48840049
32.50793651
32.52747253
32.54700855
32.56654457
32.58608059
32.60561661
32.62515263
32.64468864
32.66422466
32.68376068
32.7032967
32.72283272
32.74236874
32.76190476
32.78144078
32.8009768
32.82051282
32.84004884
32.85958486
32.87912088
32.8986569
32.91819292
32.93772894
32.95726496
32.97680098
32.996337
33.01587302
33.03540904
33.05494505
33.07448107
33.09401709
33.11355311
33.13308913
33.15262515
33.17216117
33.19169719
33.21123321
33.23076923
33.25030525
33.26984127
33.28937729
33.30891331
33.32844933
33.34798535
33.36752137
33.38705739
33.40659341
33.42612943
33.44566545
33.46520147
33.48473748
33.5042735
33.52380952
33.54334554
33.56288156
33.58241758
33.6019536
33.62148962
33.64102564
33.66056166
33.68009768
33.6996337
33.71916972
33.73870574
33.75824176
33.77777778
33.7973138
33.81684982
33.83638584
33.85592186
33.87545788
33.89499389
33.91452991
33.93406593
33.95360195
33.97313797
33.99267399
34.01221001
34.03174603
34.05128205
34.07081807
34.09035409
34.10989011
34.12942613
34.14896215
34.16849817
34.18803419
34.20757021
34.22710623
34.24664225
34.26617827
34.28571429
34.30525031
34.32478632
34.34432234
34.36385836
34.38339438
34.4029304
34.42246642
34.44200244
34.46153846
34.48107448
34.5006105
34.52014652
34.53968254
34.55921856
34.57875458
34.5982906
34.61782662
34.63736264
34.65689866
34.67643468
34.6959707
34.71550672
34.73504274
34.75457875
34.77411477
34.79365079
34.81318681
34.83272283
34.85225885
34.87179487
34.89133089
34.91086691
34.93040293
34.94993895
34.96947497
34.98901099
35.00854701
35.02808303
35.04761905
35.06715507
35.08669109
35.10622711
35.12576313
35.14529915
35.16483516
35.18437118
35.2039072
35.22344322
35.24297924
35.26251526
35.28205128
35.3015873
35.32112332
35.34065934
35.36019536
35.37973138
35.3992674
35.41880342
35.43833944
35.45787546
35.47741148
35.4969475
35.51648352
35.53601954
35.55555556
35.57509158
35.59462759
35.61416361
35.63369963
35.65323565
35.67277167
35.69230769
35.71184371
35.73137973
35.75091575
35.77045177
35.78998779
35.80952381
35.82905983
35.84859585
35.86813187
35.88766789
35.90720391
35.92673993
35.94627595
35.96581197
35.98534799
36.004884
36.02442002
36.04395604
36.06349206
36.08302808
36.1025641
36.12210012
36.14163614
36.16117216
36.18070818
36.2002442
36.21978022
36.23931624
36.25885226
36.27838828
36.2979243
36.31746032
36.33699634
36.35653236
36.37606838
36.3956044
36.41514042
36.43467643
36.45421245
36.47374847
36.49328449
36.51282051
36.53235653
36.55189255
36.57142857
36.59096459
36.61050061
36.63003663
36.64957265
36.66910867
36.68864469
36.70818071
36.72771673
36.74725275
36.76678877
36.78632479
36.80586081
36.82539683
36.84493284
36.86446886
36.88400488
36.9035409
36.92307692
36.94261294
36.96214896
36.98168498
37.001221
37.02075702
37.04029304
37.05982906
37.07936508
37.0989011
37.11843712
37.13797314
37.15750916
37.17704518
37.1965812
37.21611722
37.23565324
37.25518926
37.27472527
37.29426129
37.31379731
37.33333333
37.35286935
37.37240537
37.39194139
37.41147741
37.43101343
37.45054945
37.47008547
37.48962149
37.50915751
37.52869353
37.54822955
37.56776557
37.58730159
37.60683761
37.62637363
37.64590965
37.66544567
37.68498168
37.7045177
37.72405372
37.74358974
37.76312576
37.78266178
37.8021978
37.82173382
37.84126984
37.86080586
37.88034188
37.8998779
37.91941392
37.93894994
37.95848596
37.97802198
37.997558
38.01709402
38.03663004
38.05616606
38.07570208
38.0952381
38.11477411
38.13431013
38.15384615
38.17338217
38.19291819
38.21245421
38.23199023
38.25152625
38.27106227
38.29059829
38.31013431
38.32967033
38.34920635
38.36874237
38.38827839
38.40781441
38.42735043
38.44688645
38.46642247
38.48595849
38.50549451
38.52503053
38.54456654
38.56410256
38.58363858
38.6031746
38.62271062
38.64224664
38.66178266
38.68131868
38.7008547
38.72039072
38.73992674
38.75946276
38.77899878
38.7985348
38.81807082
38.83760684
38.85714286
38.87667888
38.8962149
38.91575092
38.93528694
38.95482295
38.97435897
38.99389499
39.01343101
39.03296703
39.05250305
39.07203907
39.09157509
39.11111111
39.13064713
39.15018315
39.16971917
39.18925519
39.20879121
39.22832723
39.24786325
39.26739927
39.28693529
39.30647131
39.32600733
39.34554335
39.36507937
39.38461538
39.4041514
39.42368742
39.44322344
39.46275946
39.48229548
39.5018315
39.52136752
39.54090354
39.56043956
39.57997558
39.5995116
39.61904762
39.63858364
39.65811966
39.67765568
39.6971917
39.71672772
39.73626374
39.75579976
39.77533578
39.79487179
39.81440781
39.83394383
39.85347985
39.87301587
39.89255189
39.91208791
39.93162393
39.95115995
39.97069597
39.99023199
40.00976801
40.02930403
40.04884005
40.06837607
40.08791209
40.10744811
40.12698413
40.14652015
40.16605617
40.18559219
40.20512821
40.22466422
40.24420024
40.26373626
40.28327228
40.3028083
40.32234432
40.34188034
40.36141636
40.38095238
40.4004884
40.42002442
40.43956044
40.45909646
40.47863248
40.4981685
40.51770452
40.53724054
40.55677656
40.57631258
40.5958486
40.61538462
40.63492063
40.65445665
40.67399267
40.69352869
40.71306471
40.73260073
40.75213675
40.77167277
40.79120879
40.81074481
40.83028083
40.84981685
40.86935287
40.88888889
40.90842491
40.92796093
40.94749695
40.96703297
40.98656899
41.00610501
41.02564103
41.04517705
41.06471306
41.08424908
41.1037851
41.12332112
41.14285714
41.16239316
41.18192918
41.2014652
41.22100122
41.24053724
41.26007326
41.27960928
41.2991453
41.31868132
41.33821734
41.35775336
41.37728938
41.3968254
41.41636142
41.43589744
41.45543346
41.47496947
41.49450549
41.51404151
41.53357753
41.55311355
41.57264957
41.59218559
41.61172161
41.63125763
41.65079365
41.67032967
41.68986569
41.70940171
41.72893773
41.74847375
41.76800977
41.78754579
41.80708181
41.82661783
41.84615385
41.86568987
41.88522589
41.9047619
41.92429792
41.94383394
41.96336996
41.98290598
42.002442
42.02197802
42.04151404
42.06105006
42.08058608
42.1001221
42.11965812
42.13919414
42.15873016
42.17826618
42.1978022
42.21733822
42.23687424
42.25641026
42.27594628
42.2954823
42.31501832
42.33455433
42.35409035
42.37362637
42.39316239
42.41269841
42.43223443
42.45177045
42.47130647
42.49084249
42.51037851
42.52991453
42.54945055
42.56898657
42.58852259
42.60805861
42.62759463
42.64713065
42.66666667
42.68620269
42.70573871
42.72527473
42.74481074
42.76434676
42.78388278
42.8034188
42.82295482
42.84249084
42.86202686
42.88156288
42.9010989
42.92063492
42.94017094
42.95970696
42.97924298
42.998779
43.01831502
43.03785104
43.05738706
43.07692308
43.0964591
43.11599512
43.13553114
43.15506716
43.17460317
43.19413919
43.21367521
43.23321123
43.25274725
43.27228327
43.29181929
43.31135531
43.33089133
43.35042735
43.36996337
43.38949939
43.40903541
43.42857143
43.44810745
43.46764347
43.48717949
43.50671551
43.52625153
43.54578755
43.56532357
43.58485958
43.6043956
43.62393162
43.64346764
43.66300366
43.68253968
43.7020757
43.72161172
43.74114774
43.76068376
43.78021978
43.7997558
43.81929182
43.83882784
43.85836386
43.87789988
43.8974359
43.91697192
43.93650794
43.95604396
43.97557998
43.995116
44.01465201
44.03418803
44.05372405
44.07326007
44.09279609
44.11233211
44.13186813
44.15140415
44.17094017
44.19047619
44.21001221
44.22954823
44.24908425
44.26862027
44.28815629
44.30769231
44.32722833
44.34676435
44.36630037
44.38583639
44.40537241
44.42490842
44.44444444
44.46398046
44.48351648
44.5030525
44.52258852
44.54212454
44.56166056
44.58119658
44.6007326
44.62026862
44.63980464
44.65934066
44.67887668
44.6984127
44.71794872
44.73748474
44.75702076
44.77655678
44.7960928
44.81562882
44.83516484
44.85470085
44.87423687
44.89377289
44.91330891
44.93284493
44.95238095
44.97191697
44.99145299
45.01098901
45.03052503
45.05006105
45.06959707
45.08913309
45.10866911
45.12820513
45.14774115
45.16727717
45.18681319
45.20634921
45.22588523
45.24542125
45.26495726
45.28449328
45.3040293
45.32356532
45.34310134
45.36263736
45.38217338
45.4017094
45.42124542
45.44078144
45.46031746
45.47985348
45.4993895
45.51892552
45.53846154
45.55799756
45.57753358
45.5970696
45.61660562
45.63614164
45.65567766
45.67521368
45.69474969
45.71428571
45.73382173
45.75335775
45.77289377
45.79242979
45.81196581
45.83150183
45.85103785
45.87057387
45.89010989
45.90964591
45.92918193
45.94871795
45.96825397
45.98778999
46.00732601
46.02686203
46.04639805
46.06593407
46.08547009
46.1050061
46.12454212
46.14407814
46.16361416
46.18315018
46.2026862
46.22222222
46.24175824
46.26129426
46.28083028
46.3003663
46.31990232
46.33943834
46.35897436
46.37851038
46.3980464
46.41758242
46.43711844
46.45665446
46.47619048
46.4957265
46.51526252
46.53479853
46.55433455
46.57387057
46.59340659
46.61294261
46.63247863
46.65201465
46.67155067
46.69108669
46.71062271
46.73015873
46.74969475
46.76923077
46.78876679
46.80830281
46.82783883
46.84737485
46.86691087
46.88644689
46.90598291
46.92551893
46.94505495
46.96459096
46.98412698
47.003663
47.02319902
47.04273504
47.06227106
47.08180708
47.1013431
47.12087912
47.14041514
47.15995116
47.17948718
47.1990232
47.21855922
47.23809524
47.25763126
47.27716728
47.2967033
47.31623932
47.33577534
47.35531136
47.37484737
47.39438339
47.41391941
47.43345543
47.45299145
47.47252747
47.49206349
47.51159951
47.53113553
47.55067155
47.57020757
47.58974359
47.60927961
47.62881563
47.64835165
47.66788767
47.68742369
47.70695971
47.72649573
47.74603175
47.76556777
47.78510379
47.8046398
47.82417582
47.84371184
47.86324786
47.88278388
47.9023199
47.92185592
47.94139194
47.96092796
47.98046398
48
48.01953602
48.03907204
48.05860806
48.07814408
48.0976801
48.11721612
48.13675214
48.15628816
48.17582418
48.1953602
48.21489621
48.23443223
48.25396825
48.27350427
48.29304029
48.31257631
48.33211233
48.35164835
48.37118437
48.39072039
48.41025641
48.42979243
48.44932845
48.46886447
48.48840049
48.50793651
48.52747253
48.54700855
48.56654457
48.58608059
48.60561661
48.62515263
48.64468864
48.66422466
48.68376068
48.7032967
48.72283272
48.74236874
48.76190476
48.78144078
48.8009768
48.82051282
48.84004884
48.85958486
48.87912088
48.8986569
48.91819292
48.93772894
48.95726496
48.97680098
48.996337
49.01587302
49.03540904
49.05494505
49.07448107
49.09401709
49.11355311
49.13308913
49.15262515
49.17216117
49.19169719
49.21123321
49.23076923
49.25030525
49.26984127
49.28937729
49.30891331
49.32844933
49.34798535
49.36752137
49.38705739
49.40659341
49.42612943
49.44566545
49.46520147
49.48473748
49.5042735
49.52380952
49.54334554
49.56288156
49.58241758
49.6019536
49.62148962
49.64102564
49.66056166
49.68009768
49.6996337
49.71916972
49.73870574
49.75824176
49.77777778
49.7973138
49.81684982
49.83638584
49.85592186
49.87545788
49.89499389
49.91452991
49.93406593
49.95360195
49.97313797
49.99267399
50.01221001
50.03174603
50.05128205
50.07081807
50.09035409
50.10989011
50.12942613
50.14896215
50.16849817
50.18803419
50.20757021
50.22710623
50.24664225
50.26617827
50.28571429
50.30525031
50.32478632
50.34432234
50.36385836
50.38339438
50.4029304
50.42246642
50.44200244
50.46153846
50.48107448
50.5006105
50.52014652
50.53968254
50.55921856
50.57875458
50.5982906
50.61782662
50.63736264
50.65689866
50.67643468
50.6959707
50.71550672
50.73504274
50.75457875
50.77411477
50.79365079
50.81318681
50.83272283
50.85225885
50.87179487
50.89133089
50.91086691
50.93040293
50.94993895
50.96947497
50.98901099
51.00854701
51.02808303
51.04761905
51.06715507
51.08669109
51.10622711
51.12576313
51.14529915
51.16483516
51.18437118
51.2039072
51.22344322
51.24297924
51.26251526
51.28205128
51.3015873
51.32112332
51.34065934
51.36019536
51.37973138
51.3992674
51.41880342
51.43833944
51.45787546
51.47741148
51.4969475
51.51648352
51.53601954
51.55555556
51.57509158
51.59462759
51.61416361
51.63369963
51.65323565
51.67277167
51.69230769
51.71184371
51.73137973
51.75091575
51.77045177
51.78998779
51.80952381
51.82905983
51.84859585
51.86813187
51.88766789
51.90720391
51.92673993
51.94627595
51.96581197
51.98534799
52.004884
52.02442002
52.04395604
52.06349206
52.08302808
52.1025641
52.12210012
52.14163614
52.16117216
52.18070818
52.2002442
52.21978022
52.23931624
52.25885226
52.27838828
52.2979243
52.31746032
52.33699634
52.35653236
52.37606838
52.3956044
52.41514042
52.43467643
52.45421245
52.47374847
52.49328449
52.51282051
52.53235653
52.55189255
52.57142857
52.59096459
52.61050061
52.63003663
52.64957265
52.66910867
52.68864469
52.70818071
52.72771673
52.74725275
52.76678877
52.78632479
52.80586081
52.82539683
52.84493284
52.86446886
52.88400488
52.9035409
52.92307692
52.94261294
52.96214896
52.98168498
53.001221
53.02075702
53.04029304
53.05982906
53.07936508
53.0989011
53.11843712
53.13797314
53.15750916
53.17704518
53.1965812
53.21611722
53.23565324
53.25518926
53.27472527
53.29426129
53.31379731
53.33333333
53.35286935
53.37240537
53.39194139
53.41147741
53.43101343
53.45054945
53.47008547
53.48962149
53.50915751
53.52869353
53.54822955
53.56776557
53.58730159
53.60683761
53.62637363
53.64590965
53.66544567
53.68498168
53.7045177
53.72405372
53.74358974
53.76312576
53.78266178
53.8021978
53.82173382
53.84126984
53.86080586
53.88034188
53.8998779
53.91941392
53.93894994
53.95848596
53.97802198
53.997558
54.01709402
54.03663004
54.05616606
54.07570208
54.0952381
54.11477411
54.13431013
54.15384615
54.17338217
54.19291819
54.21245421
54.23199023
54.25152625
54.27106227
54.29059829
54.31013431
54.32967033
54.34920635
54.36874237
54.38827839
54.40781441
54.42735043
54.44688645
54.46642247
54.48595849
54.50549451
54.52503053
54.54456654
54.56410256
54.58363858
54.6031746
54.62271062
54.64224664
54.66178266
54.68131868
54.7008547
54.72039072
54.73992674
54.75946276
54.77899878
54.7985348
54.81807082
54.83760684
54.85714286
54.87667888
54.8962149
54.91575092
54.93528694
54.95482295
54.97435897
54.99389499
55.01343101
55.03296703
55.05250305
55.07203907
55.09157509
55.11111111
55.13064713
55.15018315
55.16971917
55.18925519
55.20879121
55.22832723
55.24786325
55.26739927
55.28693529
55.30647131
55.32600733
55.34554335
55.36507937
55.38461538
55.4041514
55.42368742
55.44322344
55.46275946
55.48229548
55.5018315
55.52136752
55.54090354
55.56043956
55.57997558
55.5995116
55.61904762
55.63858364
55.65811966
55.67765568
55.6971917
55.71672772
55.73626374
55.75579976
55.77533578
55.79487179
55.81440781
55.83394383
55.85347985
55.87301587
55.89255189
55.91208791
55.93162393
55.95115995
55.97069597
55.99023199
56.00976801
56.02930403
56.04884005
56.06837607
56.08791209
56.10744811
56.12698413
56.14652015
56.16605617
56.18559219
56.20512821
56.22466422
56.24420024
56.26373626
56.28327228
56.3028083
56.32234432
56.34188034
56.36141636
56.38095238
56.4004884
56.42002442
56.43956044
56.45909646
56.47863248
56.4981685
56.51770452
56.53724054
56.55677656
56.57631258
56.5958486
56.61538462
56.63492063
56.65445665
56.67399267
56.69352869
56.71306471
56.73260073
56.75213675
56.77167277
56.79120879
56.81074481
56.83028083
56.84981685
56.86935287
56.88888889
56.90842491
56.92796093
56.94749695
56.96703297
56.98656899
57.00610501
57.02564103
57.04517705
57.06471306
57.08424908
57.1037851
57.12332112
57.14285714
57.16239316
57.18192918
57.2014652
57.22100122
57.24053724
57.26007326
57.27960928
57.2991453
57.31868132
57.33821734
57.35775336
57.37728938
57.3968254
57.41636142
57.43589744
57.45543346
57.47496947
57.49450549
57.51404151
57.53357753
57.55311355
57.57264957
57.59218559
57.61172161
57.63125763
57.65079365
57.67032967
57.68986569
57.70940171
57.72893773
57.74847375
57.76800977
57.78754579
57.80708181
57.82661783
57.84615385
57.86568987
57.88522589
57.9047619
57.92429792
57.94383394
57.96336996
57.98290598
58.002442
58.02197802
58.04151404
58.06105006
58.08058608
58.1001221
58.11965812
58.13919414
58.15873016
58.17826618
58.1978022
58.21733822
58.23687424
58.25641026
58.27594628
58.2954823
58.31501832
58.33455433
58.35409035
58.37362637
58.39316239
58.41269841
58.43223443
58.45177045
58.47130647
58.49084249
58.51037851
58.52991453
58.54945055
58.56898657
58.58852259
58.60805861
58.62759463
58.64713065
58.66666667
58.68620269
58.70573871
58.72527473
58.74481074
58.76434676
58.78388278
58.8034188
58.82295482
58.84249084
58.86202686
58.88156288
58.9010989
58.92063492
58.94017094
58.95970696
58.97924298
58.998779
59.01831502
59.03785104
59.05738706
59.07692308
59.0964591
59.11599512
59.13553114
59.15506716
59.17460317
59.19413919
59.21367521
59.23321123
59.25274725
59.27228327
59.29181929
59.31135531
59.33089133
59.35042735
59.36996337
59.38949939
59.40903541
59.42857143
59.44810745
59.46764347
59.48717949
59.50671551
59.52625153
59.54578755
59.56532357
59.58485958
59.6043956
59.62393162
59.64346764
59.66300366
59.68253968
59.7020757
59.72161172
59.74114774
59.76068376
59.78021978
59.7997558
59.81929182
59.83882784
59.85836386
59.87789988
59.8974359
59.91697192
59.93650794
59.95604396
59.97557998
59.995116
60.01465201
60.03418803
60.05372405
60.07326007
60.09279609
60.11233211
60.13186813
60.15140415
60.17094017
60.19047619
60.21001221
60.22954823
60.24908425
60.26862027
60.28815629
60.30769231
60.32722833
60.34676435
60.36630037
60.38583639
60.40537241
60.42490842
60.44444444
60.46398046
60.48351648
60.5030525
60.52258852
60.54212454
60.56166056
60.58119658
60.6007326
60.62026862
60.63980464
60.65934066
60.67887668
60.6984127
60.71794872
60.73748474
60.75702076
60.77655678
60.7960928
60.81562882
60.83516484
60.85470085
60.87423687
60.89377289
60.91330891
60.93284493
60.95238095
60.97191697
60.99145299
61.01098901
61.03052503
61.05006105
61.06959707
61.08913309
61.10866911
61.12820513
61.14774115
61.16727717
61.18681319
61.20634921
61.22588523
61.24542125
61.26495726
61.28449328
61.3040293
61.32356532
61.34310134
61.36263736
61.38217338
61.4017094
61.42124542
61.44078144
61.46031746
61.47985348
61.4993895
61.51892552
61.53846154
61.55799756
61.57753358
61.5970696
61.61660562
61.63614164
61.65567766
61.67521368
61.69474969
61.71428571
61.73382173
61.75335775
61.77289377
61.79242979
61.81196581
61.83150183
61.85103785
61.87057387
61.89010989
61.90964591
61.92918193
61.94871795
61.96825397
61.98778999
62.00732601
62.02686203
62.04639805
62.06593407
62.08547009
62.1050061
62.12454212
62.14407814
62.16361416
62.18315018
62.2026862
62.22222222
62.24175824
62.26129426
62.28083028
62.3003663
62.31990232
62.33943834
62.35897436
62.37851038
62.3980464
62.41758242
62.43711844
62.45665446
62.47619048
62.4957265
62.51526252
62.53479853
62.55433455
62.57387057
62.59340659
62.61294261
62.63247863
62.65201465
62.67155067
62.69108669
62.71062271
62.73015873
62.74969475
62.76923077
62.78876679
62.80830281
62.82783883
62.84737485
62.86691087
62.88644689
62.90598291
62.92551893
62.94505495
62.96459096
62.98412698
63.003663
63.02319902
63.04273504
63.06227106
63.08180708
63.1013431
63.12087912
63.14041514
63.15995116
63.17948718
63.1990232
63.21855922
63.23809524
63.25763126
63.27716728
63.2967033
63.31623932
63.33577534
63.35531136
63.37484737
63.39438339
63.41391941
63.43345543
63.45299145
63.47252747
63.49206349
63.51159951
63.53113553
63.55067155
63.57020757
63.58974359
63.60927961
63.62881563
63.64835165
63.66788767
63.68742369
63.70695971
63.72649573
63.74603175
63.76556777
63.78510379
63.8046398
63.82417582
63.84371184
63.86324786
63.88278388
63.9023199
63.92185592
63.94139194
63.96092796
63.98046398
64
64.01953602
64.03907204
64.05860806
64.07814408
64.0976801
64.11721612
64.13675214
64.15628816
64.17582418
64.1953602
64.21489621
64.23443223
64.25396825
64.27350427
64.29304029
64.31257631
64.33211233
64.35164835
64.37118437
64.39072039
64.41025641
64.42979243
64.44932845
64.46886447
64.48840049
64.50793651
64.52747253
64.54700855
64.56654457
64.58608059
64.60561661
64.62515263
64.64468864
64.66422466
64.68376068
64.7032967
64.72283272
64.74236874
64.76190476
64.78144078
64.8009768
64.82051282
64.84004884
64.85958486
64.87912088
64.8986569
64.91819292
64.93772894
64.95726496
64.97680098
64.996337
65.01587302
65.03540904
65.05494505
65.07448107
65.09401709
65.11355311
65.13308913
65.15262515
65.17216117
65.19169719
65.21123321
65.23076923
65.25030525
65.26984127
65.28937729
65.30891331
65.32844933
65.34798535
65.36752137
65.38705739
65.40659341
65.42612943
65.44566545
65.46520147
65.48473748
65.5042735
65.52380952
65.54334554
65.56288156
65.58241758
65.6019536
65.62148962
65.64102564
65.66056166
65.68009768
65.6996337
65.71916972
65.73870574
65.75824176
65.77777778
65.7973138
65.81684982
65.83638584
65.85592186
65.87545788
65.89499389
65.91452991
65.93406593
65.95360195
65.97313797
65.99267399
66.01221001
66.03174603
66.05128205
66.07081807
66.09035409
66.10989011
66.12942613
66.14896215
66.16849817
66.18803419
66.20757021
66.22710623
66.24664225
66.26617827
66.28571429
66.30525031
66.32478632
66.34432234
66.36385836
66.38339438
66.4029304
66.42246642
66.44200244
66.46153846
66.48107448
66.5006105
66.52014652
66.53968254
66.55921856
66.57875458
66.5982906
66.61782662
66.63736264
66.65689866
66.67643468
66.6959707
66.71550672
66.73504274
66.75457875
66.77411477
66.79365079
66.81318681
66.83272283
66.85225885
66.87179487
66.89133089
66.91086691
66.93040293
66.94993895
66.96947497
66.98901099
67.00854701
67.02808303
67.04761905
67.06715507
67.08669109
67.10622711
67.12576313
67.14529915
67.16483516
67.18437118
67.2039072
67.22344322
67.24297924
67.26251526
67.28205128
67.3015873
67.32112332
67.34065934
67.36019536
67.37973138
67.3992674
67.41880342
67.43833944
67.45787546
67.47741148
67.4969475
67.51648352
67.53601954
67.55555556
67.57509158
67.59462759
67.61416361
67.63369963
67.65323565
67.67277167
67.69230769
67.71184371
67.73137973
67.75091575
67.77045177
67.78998779
67.80952381
67.82905983
67.84859585
67.86813187
67.88766789
67.90720391
67.92673993
67.94627595
67.96581197
67.98534799
68.004884
68.02442002
68.04395604
68.06349206
68.08302808
68.1025641
68.12210012
68.14163614
68.16117216
68.18070818
68.2002442
68.21978022
68.23931624
68.25885226
68.27838828
68.2979243
68.31746032
68.33699634
68.35653236
68.37606838
68.3956044
68.41514042
68.43467643
68.45421245
68.47374847
68.49328449
68.51282051
68.53235653
68.55189255
68.57142857
68.59096459
68.61050061
68.63003663
68.64957265
68.66910867
68.68864469
68.70818071
68.72771673
68.74725275
68.76678877
68.78632479
68.80586081
68.82539683
68.84493284
68.86446886
68.88400488
68.9035409
68.92307692
68.94261294
68.96214896
68.98168498
69.001221
69.02075702
69.04029304
69.05982906
69.07936508
69.0989011
69.11843712
69.13797314
69.15750916
69.17704518
69.1965812
69.21611722
69.23565324
69.25518926
69.27472527
69.29426129
69.31379731
69.33333333
69.35286935
69.37240537
69.39194139
69.41147741
69.43101343
69.45054945
69.47008547
69.48962149
69.50915751
69.52869353
69.54822955
69.56776557
69.58730159
69.60683761
69.62637363
69.64590965
69.66544567
69.68498168
69.7045177
69.72405372
69.74358974
69.76312576
69.78266178
69.8021978
69.82173382
69.84126984
69.86080586
69.88034188
69.8998779
69.91941392
69.93894994
69.95848596
69.97802198
69.997558
70.01709402
70.03663004
70.05616606
70.07570208
70.0952381
70.11477411
70.13431013
70.15384615
70.17338217
70.19291819
70.21245421
70.23199023
70.25152625
70.27106227
70.29059829
70.31013431
70.32967033
70.34920635
70.36874237
70.38827839
70.40781441
70.42735043
70.44688645
70.46642247
70.48595849
70.50549451
70.52503053
70.54456654
70.56410256
70.58363858
70.6031746
70.62271062
70.64224664
70.66178266
70.68131868
70.7008547
70.72039072
70.73992674
70.75946276
70.77899878
70.7985348
70.81807082
70.83760684
70.85714286
70.87667888
70.8962149
70.91575092
70.93528694
70.95482295
70.97435897
70.99389499
71.01343101
71.03296703
71.05250305
71.07203907
71.09157509
71.11111111
71.13064713
71.15018315
71.16971917
71.18925519
71.20879121
71.22832723
71.24786325
71.26739927
71.28693529
71.30647131
71.32600733
71.34554335
71.36507937
71.38461538
71.4041514
71.42368742
71.44322344
71.46275946
71.48229548
71.5018315
71.52136752
71.54090354
71.56043956
71.57997558
71.5995116
71.61904762
71.63858364
71.65811966
71.67765568
71.6971917
71.71672772
71.73626374
71.75579976
71.77533578
71.79487179
71.81440781
71.83394383
71.85347985
71.87301587
71.89255189
71.91208791
71.93162393
71.95115995
71.97069597
71.99023199
72.00976801
72.02930403
72.04884005
72.06837607
72.08791209
72.10744811
72.12698413
72.14652015
72.16605617
72.18559219
72.20512821
72.22466422
72.24420024
72.26373626
72.28327228
72.3028083
72.32234432
72.34188034
72.36141636
72.38095238
72.4004884
72.42002442
72.43956044
72.45909646
72.47863248
72.4981685
72.51770452
72.53724054
72.55677656
72.57631258
72.5958486
72.61538462
72.63492063
72.65445665
72.67399267
72.69352869
72.71306471
72.73260073
72.75213675
72.77167277
72.79120879
72.81074481
72.83028083
72.84981685
72.86935287
72.88888889
72.90842491
72.92796093
72.94749695
72.96703297
72.98656899
73.00610501
73.02564103
73.04517705
73.06471306
73.08424908
73.1037851
73.12332112
73.14285714
73.16239316
73.18192918
73.2014652
73.22100122
73.24053724
73.26007326
73.27960928
73.2991453
73.31868132
73.33821734
73.35775336
73.37728938
73.3968254
73.41636142
73.43589744
73.45543346
73.47496947
73.49450549
73.51404151
73.53357753
73.55311355
73.57264957
73.59218559
73.61172161
73.63125763
73.65079365
73.67032967
73.68986569
73.70940171
73.72893773
73.74847375
73.76800977
73.78754579
73.80708181
73.82661783
73.84615385
73.86568987
73.88522589
73.9047619
73.92429792
73.94383394
73.96336996
73.98290598
74.002442
74.02197802
74.04151404
74.06105006
74.08058608
74.1001221
74.11965812
74.13919414
74.15873016
74.17826618
74.1978022
74.21733822
74.23687424
74.25641026
74.27594628
74.2954823
74.31501832
74.33455433
74.35409035
74.37362637
74.39316239
74.41269841
74.43223443
74.45177045
74.47130647
74.49084249
74.51037851
74.52991453
74.54945055
74.56898657
74.58852259
74.60805861
74.62759463
74.64713065
74.66666667
74.68620269
74.70573871
74.72527473
74.74481074
74.76434676
74.78388278
74.8034188
74.82295482
74.84249084
74.86202686
74.88156288
74.9010989
74.92063492
74.94017094
74.95970696
74.97924298
74.998779
75.01831502
75.03785104
75.05738706
75.07692308
75.0964591
75.11599512
75.13553114
75.15506716
75.17460317
75.19413919
75.21367521
75.23321123
75.25274725
75.27228327
75.29181929
75.31135531
75.33089133
75.35042735
75.36996337
75.38949939
75.40903541
75.42857143
75.44810745
75.46764347
75.48717949
75.50671551
75.52625153
75.54578755
75.56532357
75.58485958
75.6043956
75.62393162
75.64346764
75.66300366
75.68253968
75.7020757
75.72161172
75.74114774
75.76068376
75.78021978
75.7997558
75.81929182
75.83882784
75.85836386
75.87789988
75.8974359
75.91697192
75.93650794
75.95604396
75.97557998
75.995116
76.01465201
76.03418803
76.05372405
76.07326007
76.09279609
76.11233211
76.13186813
76.15140415
76.17094017
76.19047619
76.21001221
76.22954823
76.24908425
76.26862027
76.28815629
76.30769231
76.32722833
76.34676435
76.36630037
76.38583639
76.40537241
76.42490842
76.44444444
76.46398046
76.48351648
76.5030525
76.52258852
76.54212454
76.56166056
76.58119658
76.6007326
76.62026862
76.63980464
76.65934066
76.67887668
76.6984127
76.71794872
76.73748474
76.75702076
76.77655678
76.7960928
76.81562882
76.83516484
76.85470085
76.87423687
76.89377289
76.91330891
76.93284493
76.95238095
76.97191697
76.99145299
77.01098901
77.03052503
77.05006105
77.06959707
77.08913309
77.10866911
77.12820513
77.14774115
77.16727717
77.18681319
77.20634921
77.22588523
77.24542125
77.26495726
77.28449328
77.3040293
77.32356532
77.34310134
77.36263736
77.38217338
77.4017094
77.42124542
77.44078144
77.46031746
77.47985348
77.4993895
77.51892552
77.53846154
77.55799756
77.57753358
77.5970696
77.61660562
77.63614164
77.65567766
77.67521368
77.69474969
77.71428571
77.73382173
77.75335775
77.77289377
77.79242979
77.81196581
77.83150183
77.85103785
77.87057387
77.89010989
77.90964591
77.92918193
77.94871795
77.96825397
77.98778999
78.00732601
78.02686203
78.04639805
78.06593407
78.08547009
78.1050061
78.12454212
78.14407814
78.16361416
78.18315018
78.2026862
78.22222222
78.24175824
78.26129426
78.28083028
78.3003663
78.31990232
78.33943834
78.35897436
78.37851038
78.3980464
78.41758242
78.43711844
78.45665446
78.47619048
78.4957265
78.51526252
78.53479853
78.55433455
78.57387057
78.59340659
78.61294261
78.63247863
78.65201465
78.67155067
78.69108669
78.71062271
78.73015873
78.74969475
78.76923077
78.78876679
78.80830281
78.82783883
78.84737485
78.86691087
78.88644689
78.90598291
78.92551893
78.94505495
78.96459096
78.98412698
79.003663
79.02319902
79.04273504
79.06227106
79.08180708
79.1013431
79.12087912
79.14041514
79.15995116
79.17948718
79.1990232
79.21855922
79.23809524
79.25763126
79.27716728
79.2967033
79.31623932
79.33577534
79.35531136
79.37484737
79.39438339
79.41391941
79.43345543
79.45299145
79.47252747
79.49206349
79.51159951
79.53113553
79.55067155
79.57020757
79.58974359
79.60927961
79.62881563
79.64835165
79.66788767
79.68742369
79.70695971
79.72649573
79.74603175
79.76556777
79.78510379
79.8046398
79.82417582
79.84371184
79.86324786
79.88278388
79.9023199
79.92185592
79.94139194
79.96092796
79.98046398
80
