-0.5
-0.4995117188
-0.4990234375
-0.4985351562
-0.498046875
-0.4975585938
-0.4970703125
-0.4965820312
-0.49609375
-0.4956054688
-0.4951171875
-0.4946289062
-0.494140625
-0.4936523438
-0.4931640625
-0.4926757812
-0.4921875
-0.4916992188
-0.4912109375
-0.4907226562
-0.490234375
-0.4897460938
-0.4892578125
-0.4887695312
-0.48828125
-0.4877929688
-0.4873046875
-0.4868164062
-0.486328125
-0.4858398438
-0.4853515625
-0.4848632812
-0.484375
-0.4838867188
-0.4833984375
-0.4829101562
-0.482421875
-0.4819335938
-0.4814453125
-0.4809570312
-0.48046875
-0.4799804688
-0.4794921875
-0.4790039062
-0.478515625
-0.4780273438
-0.4775390625
-0.4770507812
-0.4765625
-0.4760742188
-0.4755859375
-0.4750976562
-0.474609375
-0.4741210938
-0.4736328125
-0.4731445312
-0.47265625
-0.4721679688
-0.4716796875
-0.4711914062
-0.470703125
-0.4702148438
-0.4697265625
-0.4692382812
-0.46875
-0.4682617188
-0.4677734375
-0.4672851562
-0.466796875
-0.4663085938
-0.4658203125
-0.4653320312
-0.46484375
-0.4643554688
-0.4638671875
-0.4633789062
-0.462890625
-0.4624023438
-0.4619140625
-0.4614257812
-0.4609375
-0.4604492188
-0.4599609375
-0.4594726562
-0.458984375
-0.4584960938
-0.4580078125
-0.4575195312
-0.45703125
-0.4565429688
-0.4560546875
-0.4555664062
-0.455078125
-0.4545898438
-0.4541015625
-0.4536132812
-0.453125
-0.4526367188
-0.4521484375
-0.4516601562
-0.451171875
-0.4506835938
-0.4501953125
-0.4497070312
-0.44921875
-0.4487304688
-0.4482421875
-0.4477539062
-0.447265625
-0.4467773438
-0.4462890625
-0.4458007812
-0.4453125
-0.4448242188
-0.4443359375
-0.4438476562
-0.443359375
-0.4428710938
-0.4423828125
-0.4418945312
-0.44140625
-0.4409179688
-0.4404296875
-0.4399414062
-0.439453125
-0.4389648438
-0.4384765625
-0.4379882812
-0.4375
-0.4370117188
-0.4365234375
-0.4360351562
-0.435546875
-0.4350585938
-0.4345703125
-0.4340820312
-0.43359375
-0.4331054688
-0.4326171875
-0.4321289062
-0.431640625
-0.4311523438
-0.4306640625
-0.4301757812
-0.4296875
-0.4291992188
-0.4287109375
-0.4282226562
-0.427734375
-0.4272460938
-0.4267578125
-0.4262695312
-0.42578125
-0.4252929688
-0.4248046875
-0.4243164062
-0.423828125
-0.4233398438
-0.4228515625
-0.4223632812
-0.421875
-0.4213867188
-0.4208984375
-0.4204101562
-0.419921875
-0.4194335938
-0.4189453125
-0.4184570312
-0.41796875
-0.4174804688
-0.4169921875
-0.4165039062
-0.416015625
-0.4155273438
-0.4150390625
-0.4145507812
-0.4140625
-0.4135742188
-0.4130859375
-0.4125976562
-0.412109375
-0.4116210938
-0.4111328125
-0.4106445312
-0.41015625
-0.4096679688
-0.4091796875
-0.4086914062
-0.408203125
-0.4077148438
-0.4072265625
-0.4067382812
-0.40625
-0.4057617188
-0.4052734375
-0.4047851562
-0.404296875
-0.4038085938
-0.4033203125
-0.4028320312
-0.40234375
-0.4018554688
-0.4013671875
-0.4008789062
-0.400390625
-0.3999023438
-0.3994140625
-0.3989257812
-0.3984375
-0.3979492188
-0.3974609375
-0.3969726562
-0.396484375
-0.3959960938
-0.3955078125
-0.3950195312
-0.39453125
-0.3940429688
-0.3935546875
-0.3930664062
-0.392578125
-0.3920898438
-0.3916015625
-0.3911132812
-0.390625
-0.3901367188
-0.3896484375
-0.3891601562
-0.388671875
-0.3881835938
-0.3876953125
-0.3872070312
-0.38671875
-0.3862304688
-0.3857421875
-0.3852539062
-0.384765625
-0.3842773438
-0.3837890625
-0.3833007812
-0.3828125
-0.3823242188
-0.3818359375
-0.3813476562
-0.380859375
-0.3803710938
-0.3798828125
-0.3793945312
-0.37890625
-0.3784179688
-0.3779296875
-0.3774414062
-0.376953125
-0.3764648438
-0.3759765625
-0.3754882812
-0.375
-0.3745117188
-0.3740234375
-0.3735351562
-0.373046875
-0.3725585938
-0.3720703125
-0.3715820312
-0.37109375
-0.3706054688
-0.3701171875
-0.3696289062
-0.369140625
-0.3686523438
-0.3681640625
-0.3676757812
-0.3671875
-0.3666992188
-0.3662109375
-0.3657226562
-0.365234375
-0.3647460938
-0.3642578125
-0.3637695312
-0.36328125
-0.3627929688
-0.3623046875
-0.3618164062
-0.361328125
-0.3608398438
-0.3603515625
-0.3598632812
-0.359375
-0.3588867188
-0.3583984375
-0.3579101562
-0.357421875
-0.3569335938
-0.3564453125
-0.3559570312
-0.35546875
-0.3549804688
-0.3544921875
-0.3540039062
-0.353515625
-0.3530273438
-0.3525390625
-0.3520507812
-0.3515625
-0.3510742188
-0.3505859375
-0.3500976562
-0.349609375
-0.3491210938
-0.3486328125
-0.3481445312
-0.34765625
-0.3471679688
-0.3466796875
-0.3461914062
-0.345703125
-0.3452148438
-0.3447265625
-0.3442382812
-0.34375
-0.3432617188
-0.3427734375
-0.3422851562
-0.341796875
-0.3413085938
-0.3408203125
-0.3403320312
-0.33984375
-0.3393554688
-0.3388671875
-0.3383789062
-0.337890625
-0.3374023438
-0.3369140625
-0.3364257812
-0.3359375
-0.3354492188
-0.3349609375
-0.3344726562
-0.333984375
-0.3334960938
-0.3330078125
-0.3325195312
-0.33203125
-0.3315429688
-0.3310546875
-0.3305664062
-0.330078125
-0.3295898438
-0.3291015625
-0.3286132812
-0.328125
-0.3276367188
-0.3271484375
-0.3266601562
-0.326171875
-0.3256835938
-0.3251953125
-0.3247070312
-0.32421875
-0.3237304688
-0.3232421875
-0.3227539062
-0.322265625
-0.3217773438
-0.3212890625
-0.3208007812
-0.3203125
-0.3198242188
-0.3193359375
-0.3188476562
-0.318359375
-0.3178710938
-0.3173828125
-0.3168945312
-0.31640625
-0.3159179688
-0.3154296875
-0.3149414062
-0.314453125
-0.3139648438
-0.3134765625
-0.3129882812
-0.3125
-0.3120117188
-0.3115234375
-0.3110351562
-0.310546875
-0.3100585938
-0.3095703125
-0.3090820312
-0.30859375
-0.3081054688
-0.3076171875
-0.3071289062
-0.306640625
-0.3061523438
-0.3056640625
-0.3051757812
-0.3046875
-0.3041992188
-0.3037109375
-0.3032226562
-0.302734375
-0.3022460938
-0.3017578125
-0.3012695312
-0.30078125
-0.3002929688
-0.2998046875
-0.2993164062
-0.298828125
-0.2983398438
-0.2978515625
-0.2973632812
-0.296875
-0.2963867188
-0.2958984375
-0.2954101562
-0.294921875
-0.2944335938
-0.2939453125
-0.2934570312
-0.29296875
-0.2924804688
-0.2919921875
-0.2915039062
-0.291015625
-0.2905273438
-0.2900390625
-0.2895507812
-0.2890625
-0.2885742188
-0.2880859375
-0.2875976562
-0.287109375
-0.2866210938
-0.2861328125
-0.2856445312
-0.28515625
-0.2846679688
-0.2841796875
-0.2836914062
-0.283203125
-0.2827148438
-0.2822265625
-0.2817382812
-0.28125
-0.2807617188
-0.2802734375
-0.2797851562
-0.279296875
-0.2788085938
-0.2783203125
-0.2778320312
-0.27734375
-0.2768554688
-0.2763671875
-0.2758789062
-0.275390625
-0.2749023438
-0.2744140625
-0.2739257812
-0.2734375
-0.2729492188
-0.2724609375
-0.2719726562
-0.271484375
-0.2709960938
-0.2705078125
-0.2700195312
-0.26953125
-0.2690429688
-0.2685546875
-0.2680664062
-0.267578125
-0.2670898438
-0.2666015625
-0.2661132812
-0.265625
-0.2651367188
-0.2646484375
-0.2641601562
-0.263671875
-0.2631835938
-0.2626953125
-0.2622070312
-0.26171875
-0.2612304688
-0.2607421875
-0.2602539062
-0.259765625
-0.2592773438
-0.2587890625
-0.2583007812
-0.2578125
-0.2573242188
-0.2568359375
-0.2563476562
-0.255859375
-0.2553710938
-0.2548828125
-0.2543945312
-0.25390625
-0.2534179688
-0.2529296875
-0.2524414062
-0.251953125
-0.2514648438
-0.2509765625
-0.2504882812
-0.25
-0.2495117188
-0.2490234375
-0.2485351562
-0.248046875
-0.2475585938
-0.2470703125
-0.2465820312
-0.24609375
-0.2456054688
-0.2451171875
-0.2446289062
-0.244140625
-0.2436523438
-0.2431640625
-0.2426757812
-0.2421875
-0.2416992188
-0.2412109375
-0.2407226562
-0.240234375
-0.2397460938
-0.2392578125
-0.2387695312
-0.23828125
-0.2377929688
-0.2373046875
-0.2368164062
-0.236328125
-0.2358398438
-0.2353515625
-0.2348632812
-0.234375
-0.2338867188
-0.2333984375
-0.2329101562
-0.232421875
-0.2319335938
-0.2314453125
-0.2309570312
-0.23046875
-0.2299804688
-0.2294921875
-0.2290039062
-0.228515625
-0.2280273438
-0.2275390625
-0.2270507812
-0.2265625
-0.2260742188
-0.2255859375
-0.2250976562
-0.224609375
-0.2241210938
-0.2236328125
-0.2231445312
-0.22265625
-0.2221679688
-0.2216796875
-0.2211914062
-0.220703125
-0.2202148438
-0.2197265625
-0.2192382812
-0.21875
-0.2182617188
-0.2177734375
-0.2172851562
-0.216796875
-0.2163085938
-0.2158203125
-0.2153320312
-0.21484375
-0.2143554688
-0.2138671875
-0.2133789062
-0.212890625
-0.2124023438
-0.2119140625
-0.2114257812
-0.2109375
-0.2104492188
-0.2099609375
-0.2094726562
-0.208984375
-0.2084960938
-0.2080078125
-0.2075195312
-0.20703125
-0.2065429688
-0.2060546875
-0.2055664062
-0.205078125
-0.2045898438
-0.2041015625
-0.2036132812
-0.203125
-0.2026367188
-0.2021484375
-0.2016601562
-0.201171875
-0.2006835938
-0.2001953125
-0.1997070312
-0.19921875
-0.1987304688
-0.1982421875
-0.1977539062
-0.197265625
-0.1967773438
-0.1962890625
-0.1958007812
-0.1953125
-0.1948242188
-0.1943359375
-0.1938476562
-0.193359375
-0.1928710938
-0.1923828125
-0.1918945312
-0.19140625
-0.1909179688
-0.1904296875
-0.1899414062
-0.189453125
-0.1889648438
-0.1884765625
-0.1879882812
-0.1875
-0.1870117188
-0.1865234375
-0.1860351562
-0.185546875
-0.1850585938
-0.1845703125
-0.1840820312
-0.18359375
-0.1831054688
-0.1826171875
-0.1821289062
-0.181640625
-0.1811523438
-0.1806640625
-0.1801757812
-0.1796875
-0.1791992188
-0.1787109375
-0.1782226562
-0.177734375
-0.1772460938
-0.1767578125
-0.1762695312
-0.17578125
-0.1752929688
-0.1748046875
-0.1743164062
-0.173828125
-0.1733398438
-0.1728515625
-0.1723632812
-0.171875
-0.1713867188
-0.1708984375
-0.1704101562
-0.169921875
-0.1694335938
-0.1689453125
-0.1684570312
-0.16796875
-0.1674804688
-0.1669921875
-0.1665039062
-0.166015625
-0.1655273438
-0.1650390625
-0.1645507812
-0.1640625
-0.1635742188
-0.1630859375
-0.1625976562
-0.162109375
-0.1616210938
-0.1611328125
-0.1606445312
-0.16015625
-0.1596679688
-0.1591796875
-0.1586914062
-0.158203125
-0.1577148438
-0.1572265625
-0.1567382812
-0.15625
-0.1557617188
-0.1552734375
-0.1547851562
-0.154296875
-0.1538085938
-0.1533203125
-0.1528320312
-0.15234375
-0.1518554688
-0.1513671875
-0.1508789062
-0.150390625
-0.1499023438
-0.1494140625
-0.1489257812
-0.1484375
-0.1479492188
-0.1474609375
-0.1469726562
-0.146484375
-0.1459960938
-0.1455078125
-0.1450195312
-0.14453125
-0.1440429688
-0.1435546875
-0.1430664062
-0.142578125
-0.1420898438
-0.1416015625
-0.1411132812
-0.140625
-0.1401367188
-0.1396484375
-0.1391601562
-0.138671875
-0.1381835938
-0.1376953125
-0.1372070312
-0.13671875
-0.1362304688
-0.1357421875
-0.1352539062
-0.134765625
-0.1342773438
-0.1337890625
-0.1333007812
-0.1328125
-0.1323242188
-0.1318359375
-0.1313476562
-0.130859375
-0.1303710938
-0.1298828125
-0.1293945312
-0.12890625
-0.1284179688
-0.1279296875
-0.1274414062
-0.126953125
-0.1264648438
-0.1259765625
-0.1254882812
-0.125
-0.1245117188
-0.1240234375
-0.1235351562
-0.123046875
-0.1225585938
-0.1220703125
-0.1215820312
-0.12109375
-0.1206054688
-0.1201171875
-0.1196289062
-0.119140625
-0.1186523438
-0.1181640625
-0.1176757812
-0.1171875
-0.1166992188
-0.1162109375
-0.1157226562
-0.115234375
-0.1147460938
-0.1142578125
-0.1137695312
-0.11328125
-0.1127929688
-0.1123046875
-0.1118164062
-0.111328125
-0.1108398438
-0.1103515625
-0.1098632812
-0.109375
-0.1088867188
-0.1083984375
-0.1079101562
-0.107421875
-0.1069335938
-0.1064453125
-0.1059570312
-0.10546875
-0.1049804688
-0.1044921875
-0.1040039062
-0.103515625
-0.1030273438
-0.1025390625
-0.1020507812
-0.1015625
-0.1010742188
-0.1005859375
-0.1000976562
-0.099609375
-0.09912109375
-0.0986328125
-0.09814453125
-0.09765625
-0.09716796875
-0.0966796875
-0.09619140625
-0.095703125
-0.09521484375
-0.0947265625
-0.09423828125
-0.09375
-0.09326171875
-0.0927734375
-0.09228515625
-0.091796875
-0.09130859375
-0.0908203125
-0.09033203125
-0.08984375
-0.08935546875
-0.0888671875
-0.08837890625
-0.087890625
-0.08740234375
-0.0869140625
-0.08642578125
-0.0859375
-0.08544921875
-0.0849609375
-0.08447265625
-0.083984375
-0.08349609375
-0.0830078125
-0.08251953125
-0.08203125
-0.08154296875
-0.0810546875
-0.08056640625
-0.080078125
-0.07958984375
-0.0791015625
-0.07861328125
-0.078125
-0.07763671875
-0.0771484375
-0.07666015625
-0.076171875
-0.07568359375
-0.0751953125
-0.07470703125
-0.07421875
-0.07373046875
-0.0732421875
-0.07275390625
-0.072265625
-0.07177734375
-0.0712890625
-0.07080078125
-0.0703125
-0.06982421875
-0.0693359375
-0.06884765625
-0.068359375
-0.06787109375
-0.0673828125
-0.06689453125
-0.06640625
-0.06591796875
-0.0654296875
-0.06494140625
-0.064453125
-0.06396484375
-0.0634765625
-0.06298828125
-0.0625
-0.06201171875
-0.0615234375
-0.06103515625
-0.060546875
-0.06005859375
-0.0595703125
-0.05908203125
-0.05859375
-0.05810546875
-0.0576171875
-0.05712890625
-0.056640625
-0.05615234375
-0.0556640625
-0.05517578125
-0.0546875
-0.05419921875
-0.0537109375
-0.05322265625
-0.052734375
-0.05224609375
-0.0517578125
-0.05126953125
-0.05078125
-0.05029296875
-0.0498046875
-0.04931640625
-0.048828125
-0.04833984375
-0.0478515625
-0.04736328125
-0.046875
-0.04638671875
-0.0458984375
-0.04541015625
-0.044921875
-0.04443359375
-0.0439453125
-0.04345703125
-0.04296875
-0.04248046875
-0.0419921875
-0.04150390625
-0.041015625
-0.04052734375
-0.0400390625
-0.03955078125
-0.0390625
-0.03857421875
-0.0380859375
-0.03759765625
-0.037109375
-0.03662109375
-0.0361328125
-0.03564453125
-0.03515625
-0.03466796875
-0.0341796875
-0.03369140625
-0.033203125
-0.03271484375
-0.0322265625
-0.03173828125
-0.03125
-0.03076171875
-0.0302734375
-0.02978515625
-0.029296875
-0.02880859375
-0.0283203125
-0.02783203125
-0.02734375
-0.02685546875
-0.0263671875
-0.02587890625
-0.025390625
-0.02490234375
-0.0244140625
-0.02392578125
-0.0234375
-0.02294921875
-0.0224609375
-0.02197265625
-0.021484375
-0.02099609375
-0.0205078125
-0.02001953125
-0.01953125
-0.01904296875
-0.0185546875
-0.01806640625
-0.017578125
-0.01708984375
-0.0166015625
-0.01611328125
-0.015625
-0.01513671875
-0.0146484375
-0.01416015625
-0.013671875
-0.01318359375
-0.0126953125
-0.01220703125
-0.01171875
-0.01123046875
-0.0107421875
-0.01025390625
-0.009765625
-0.00927734375
-0.0087890625
-0.00830078125
-0.0078125
-0.00732421875
-0.0068359375
-0.00634765625
-0.005859375
-0.00537109375
-0.0048828125
-0.00439453125
-0.00390625
-0.00341796875
-0.0029296875
-0.00244140625
-0.001953125
-0.00146484375
-0.0009765625
-0.00048828125
0
0.00048828125
0.0009765625
0.00146484375
0.001953125
0.00244140625
0.0029296875
0.00341796875
0.00390625
0.00439453125
0.0048828125
0.00537109375
0.005859375
0.00634765625
0.0068359375
0.00732421875
0.0078125
0.00830078125
0.0087890625
0.00927734375
0.009765625
0.01025390625
0.0107421875
0.01123046875
0.01171875
0.01220703125
0.0126953125
0.01318359375
0.013671875
0.01416015625
0.0146484375
0.01513671875
0.015625
0.01611328125
0.0166015625
0.01708984375
0.017578125
0.01806640625
0.0185546875
0.01904296875
0.01953125
0.02001953125
0.0205078125
0.02099609375
0.021484375
0.02197265625
0.0224609375
0.02294921875
0.0234375
0.02392578125
0.0244140625
0.02490234375
0.025390625
0.02587890625
0.0263671875
0.02685546875
0.02734375
0.02783203125
0.0283203125
0.02880859375
0.029296875
0.02978515625
0.0302734375
0.03076171875
0.03125
0.03173828125
0.0322265625
0.03271484375
0.033203125
0.03369140625
0.0341796875
0.03466796875
0.03515625
0.03564453125
0.0361328125
0.03662109375
0.037109375
0.03759765625
0.0380859375
0.03857421875
0.0390625
0.03955078125
0.0400390625
0.04052734375
0.041015625
0.04150390625
0.0419921875
0.04248046875
0.04296875
0.04345703125
0.0439453125
0.04443359375
0.044921875
0.04541015625
0.0458984375
0.04638671875
0.046875
0.04736328125
0.0478515625
0.04833984375
0.048828125
0.04931640625
0.0498046875
0.05029296875
0.05078125
0.05126953125
0.0517578125
0.05224609375
0.052734375
0.05322265625
0.0537109375
0.05419921875
0.0546875
0.05517578125
0.0556640625
0.05615234375
0.056640625
0.05712890625
0.0576171875
0.05810546875
0.05859375
0.05908203125
0.0595703125
0.06005859375
0.060546875
0.06103515625
0.0615234375
0.06201171875
0.0625
0.06298828125
0.0634765625
0.06396484375
0.064453125
0.06494140625
0.0654296875
0.06591796875
0.06640625
0.06689453125
0.0673828125
0.06787109375
0.068359375
0.06884765625
0.0693359375
0.06982421875
0.0703125
0.07080078125
0.0712890625
0.07177734375
0.072265625
0.07275390625
0.0732421875
0.07373046875
0.07421875
0.07470703125
0.0751953125
0.07568359375
0.076171875
0.07666015625
0.0771484375
0.07763671875
0.078125
0.07861328125
0.0791015625
0.07958984375
0.080078125
0.08056640625
0.0810546875
0.08154296875
0.08203125
0.08251953125
0.0830078125
0.08349609375
0.083984375
0.08447265625
0.0849609375
0.08544921875
0.0859375
0.08642578125
0.0869140625
0.08740234375
0.087890625
0.08837890625
0.0888671875
0.08935546875
0.08984375
0.09033203125
0.0908203125
0.09130859375
0.091796875
0.09228515625
0.0927734375
0.09326171875
0.09375
0.09423828125
0.0947265625
0.09521484375
0.095703125
0.09619140625
0.0966796875
0.09716796875
0.09765625
0.09814453125
0.0986328125
0.09912109375
0.099609375
0.1000976562
0.1005859375
0.1010742188
0.1015625
0.1020507812
0.1025390625
0.1030273438
0.103515625
0.1040039062
0.1044921875
0.1049804688
0.10546875
0.1059570312
0.1064453125
0.1069335938
0.107421875
0.1079101562
0.1083984375
0.1088867188
0.109375
0.1098632812
0.1103515625
0.1108398438
0.111328125
0.1118164062
0.1123046875
0.1127929688
0.11328125
0.1137695312
0.1142578125
0.1147460938
0.115234375
0.1157226562
0.1162109375
0.1166992188
0.1171875
0.1176757812
0.1181640625
0.1186523438
0.119140625
0.1196289062
0.1201171875
0.1206054688
0.12109375
0.1215820312
0.1220703125
0.1225585938
0.123046875
0.1235351562
0.1240234375
0.1245117188
0.125
0.1254882812
0.1259765625
0.1264648438
0.126953125
0.1274414062
0.1279296875
0.1284179688
0.12890625
0.1293945312
0.1298828125
0.1303710938
0.130859375
0.1313476562
0.1318359375
0.1323242188
0.1328125
0.1333007812
0.1337890625
0.1342773438
0.134765625
0.1352539062
0.1357421875
0.1362304688
0.13671875
0.1372070312
0.1376953125
0.1381835938
0.138671875
0.1391601562
0.1396484375
0.1401367188
0.140625
0.1411132812
0.1416015625
0.1420898438
0.142578125
0.1430664062
0.1435546875
0.1440429688
0.14453125
0.1450195312
0.1455078125
0.1459960938
0.146484375
0.1469726562
0.1474609375
0.1479492188
0.1484375
0.1489257812
0.1494140625
0.1499023438
0.150390625
0.1508789062
0.1513671875
0.1518554688
0.15234375
0.1528320312
0.1533203125
0.1538085938
0.154296875
0.1547851562
0.1552734375
0.1557617188
0.15625
0.1567382812
0.1572265625
0.1577148438
0.158203125
0.1586914062
0.1591796875
0.1596679688
0.16015625
0.1606445312
0.1611328125
0.1616210938
0.162109375
0.1625976562
0.1630859375
0.1635742188
0.1640625
0.1645507812
0.1650390625
0.1655273438
0.166015625
0.1665039062
0.1669921875
0.1674804688
0.16796875
0.1684570312
0.1689453125
0.1694335938
0.169921875
0.1704101562
0.1708984375
0.1713867188
0.171875
0.1723632812
0.1728515625
0.1733398438
0.173828125
0.1743164062
0.1748046875
0.1752929688
0.17578125
0.1762695312
0.1767578125
0.1772460938
0.177734375
0.1782226562
0.1787109375
0.1791992188
0.1796875
0.1801757812
0.1806640625
0.1811523438
0.181640625
0.1821289062
0.1826171875
0.1831054688
0.18359375
0.1840820312
0.1845703125
0.1850585938
0.185546875
0.1860351562
0.1865234375
0.1870117188
0.1875
0.1879882812
0.1884765625
0.1889648438
0.189453125
0.1899414062
0.1904296875
0.1909179688
0.19140625
0.1918945312
0.1923828125
0.1928710938
0.193359375
0.1938476562
0.1943359375
0.1948242188
0.1953125
0.1958007812
0.1962890625
0.1967773438
0.197265625
0.1977539062
0.1982421875
0.1987304688
0.19921875
0.1997070312
0.2001953125
0.2006835938
0.201171875
0.2016601562
0.2021484375
0.2026367188
0.203125
0.2036132812
0.2041015625
0.2045898438
0.205078125
0.2055664062
0.2060546875
0.2065429688
0.20703125
0.2075195312
0.2080078125
0.2084960938
0.208984375
0.2094726562
0.2099609375
0.2104492188
0.2109375
0.2114257812
0.2119140625
0.2124023438
0.212890625
0.2133789062
0.2138671875
0.2143554688
0.21484375
0.2153320312
0.2158203125
0.2163085938
0.216796875
0.2172851562
0.2177734375
0.2182617188
0.21875
0.2192382812
0.2197265625
0.2202148438
0.220703125
0.2211914062
0.2216796875
0.2221679688
0.22265625
0.2231445312
0.2236328125
0.2241210938
0.224609375
0.2250976562
0.2255859375
0.2260742188
0.2265625
0.2270507812
0.2275390625
0.2280273438
0.228515625
0.2290039062
0.2294921875
0.2299804688
0.23046875
0.2309570312
0.2314453125
0.2319335938
0.232421875
0.2329101562
0.2333984375
0.2338867188
0.234375
0.2348632812
0.2353515625
0.2358398438
0.236328125
0.2368164062
0.2373046875
0.2377929688
0.23828125
0.2387695312
0.2392578125
0.2397460938
0.240234375
0.2407226562
0.2412109375
0.2416992188
0.2421875
0.2426757812
0.2431640625
0.2436523438
0.244140625
0.2446289062
0.2451171875
0.2456054688
0.24609375
0.2465820312
0.2470703125
0.2475585938
0.248046875
0.2485351562
0.2490234375
0.2495117188
0.25
0.2504882812
0.2509765625
0.2514648438
0.251953125
0.2524414062
0.2529296875
0.2534179688
0.25390625
0.2543945312
0.2548828125
0.2553710938
0.255859375
0.2563476562
0.2568359375
0.2573242188
0.2578125
0.2583007812
0.2587890625
0.2592773438
0.259765625
0.2602539062
0.2607421875
0.2612304688
0.26171875
0.2622070312
0.2626953125
0.2631835938
0.263671875
0.2641601562
0.2646484375
0.2651367188
0.265625
0.2661132812
0.2666015625
0.2670898438
0.267578125
0.2680664062
0.2685546875
0.2690429688
0.26953125
0.2700195312
0.2705078125
0.2709960938
0.271484375
0.2719726562
0.2724609375
0.2729492188
0.2734375
0.2739257812
0.2744140625
0.2749023438
0.275390625
0.2758789062
0.2763671875
0.2768554688
0.27734375
0.2778320312
0.2783203125
0.2788085938
0.279296875
0.2797851562
0.2802734375
0.2807617188
0.28125
0.2817382812
0.2822265625
0.2827148438
0.283203125
0.2836914062
0.2841796875
0.2846679688
0.28515625
0.2856445312
0.2861328125
0.2866210938
0.287109375
0.2875976562
0.2880859375
0.2885742188
0.2890625
0.2895507812
0.2900390625
0.2905273438
0.291015625
0.2915039062
0.2919921875
0.2924804688
0.29296875
0.2934570312
0.2939453125
0.2944335938
0.294921875
0.2954101562
0.2958984375
0.2963867188
0.296875
0.2973632812
0.2978515625
0.2983398438
0.298828125
0.2993164062
0.2998046875
0.3002929688
0.30078125
0.3012695312
0.3017578125
0.3022460938
0.302734375
0.3032226562
0.3037109375
0.3041992188
0.3046875
0.3051757812
0.3056640625
0.3061523438
0.306640625
0.3071289062
0.3076171875
0.3081054688
0.30859375
0.3090820312
0.3095703125
0.3100585938
0.310546875
0.3110351562
0.3115234375
0.3120117188
0.3125
0.3129882812
0.3134765625
0.3139648438
0.314453125
0.3149414062
0.3154296875
0.3159179688
0.31640625
0.3168945312
0.3173828125
0.3178710938
0.318359375
0.3188476562
0.3193359375
0.3198242188
0.3203125
0.3208007812
0.3212890625
0.3217773438
0.322265625
0.3227539062
0.3232421875
0.3237304688
0.32421875
0.3247070312
0.3251953125
0.3256835938
0.326171875
0.3266601562
0.3271484375
0.3276367188
0.328125
0.3286132812
0.3291015625
0.3295898438
0.330078125
0.3305664062
0.3310546875
0.3315429688
0.33203125
0.3325195312
0.3330078125
0.3334960938
0.333984375
0.3344726562
0.3349609375
0.3354492188
0.3359375
0.3364257812
0.3369140625
0.3374023438
0.337890625
0.3383789062
0.3388671875
0.3393554688
0.33984375
0.3403320312
0.3408203125
0.3413085938
0.341796875
0.3422851562
0.3427734375
0.3432617188
0.34375
0.3442382812
0.3447265625
0.3452148438
0.345703125
0.3461914062
0.3466796875
0.3471679688
0.34765625
0.3481445312
0.3486328125
0.3491210938
0.349609375
0.3500976562
0.3505859375
0.3510742188
0.3515625
0.3520507812
0.3525390625
0.3530273438
0.353515625
0.3540039062
0.3544921875
0.3549804688
0.35546875
0.3559570312
0.3564453125
0.3569335938
0.357421875
0.3579101562
0.3583984375
0.3588867188
0.359375
0.3598632812
0.3603515625
0.3608398438
0.361328125
0.3618164062
0.3623046875
0.3627929688
0.36328125
0.3637695312
0.3642578125
0.3647460938
0.365234375
0.3657226562
0.3662109375
0.3666992188
0.3671875
0.3676757812
0.3681640625
0.3686523438
0.369140625
0.3696289062
0.3701171875
0.3706054688
0.37109375
0.3715820312
0.3720703125
0.3725585938
0.373046875
0.3735351562
0.3740234375
0.3745117188
0.375
0.3754882812
0.3759765625
0.3764648438
0.376953125
0.3774414062
0.3779296875
0.3784179688
0.37890625
0.3793945312
0.3798828125
0.3803710938
0.380859375
0.3813476562
0.3818359375
0.3823242188
0.3828125
0.3833007812
0.3837890625
0.3842773438
0.384765625
0.3852539062
0.3857421875
0.3862304688
0.38671875
0.3872070312
0.3876953125
0.3881835938
0.388671875
0.3891601562
0.3896484375
0.3901367188
0.390625
0.3911132812
0.3916015625
0.3920898438
0.392578125
0.3930664062
0.3935546875
0.3940429688
0.39453125
0.3950195312
0.3955078125
0.3959960938
0.396484375
0.3969726562
0.3974609375
0.3979492188
0.3984375
0.3989257812
0.3994140625
0.3999023438
0.400390625
0.4008789062
0.4013671875
0.4018554688
0.40234375
0.4028320312
0.4033203125
0.4038085938
0.404296875
0.4047851562
0.4052734375
0.4057617188
0.40625
0.4067382812
0.4072265625
0.4077148438
0.408203125
0.4086914062
0.4091796875
0.4096679688
0.41015625
0.4106445312
0.4111328125
0.4116210938
0.412109375
0.4125976562
0.4130859375
0.4135742188
0.4140625
0.4145507812
0.4150390625
0.4155273438
0.416015625
0.4165039062
0.4169921875
0.4174804688
0.41796875
0.4184570312
0.4189453125
0.4194335938
0.419921875
0.4204101562
0.4208984375
0.4213867188
0.421875
0.4223632812
0.4228515625
0.4233398438
0.423828125
0.4243164062
0.4248046875
0.4252929688
0.42578125
0.4262695312
0.4267578125
0.4272460938
0.427734375
0.4282226562
0.4287109375
0.4291992188
0.4296875
0.4301757812
0.4306640625
0.4311523438
0.431640625
0.4321289062
0.4326171875
0.4331054688
0.43359375
0.4340820312
0.4345703125
0.4350585938
0.435546875
0.4360351562
0.4365234375
0.4370117188
0.4375
0.4379882812
0.4384765625
0.4389648438
0.439453125
0.4399414062
0.4404296875
0.4409179688
0.44140625
0.4418945312
0.4423828125
0.4428710938
0.443359375
0.4438476562
0.4443359375
0.4448242188
0.4453125
0.4458007812
0.4462890625
0.4467773438
0.447265625
0.4477539062
0.4482421875
0.4487304688
0.44921875
0.4497070312
0.4501953125
0.4506835938
0.451171875
0.4516601562
0.4521484375
0.4526367188
0.453125
0.4536132812
0.4541015625
0.4545898438
0.455078125
0.4555664062
0.4560546875
0.4565429688
0.45703125
0.4575195312
0.4580078125
0.4584960938
0.458984375
0.4594726562
0.4599609375
0.4604492188
0.4609375
0.4614257812
0.4619140625
0.4624023438
0.462890625
0.4633789062
0.4638671875
0.4643554688
0.46484375
0.4653320312
0.4658203125
0.4663085938
0.466796875
0.4672851562
0.4677734375
0.4682617188
0.46875
0.4692382812
0.4697265625
0.4702148438
0.470703125
0.4711914062
0.4716796875
0.4721679688
0.47265625
0.4731445312
0.4736328125
0.4741210938
0.474609375
0.4750976562
0.4755859375
0.4760742188
0.4765625
0.4770507812
0.4775390625
0.4780273438
0.478515625
0.4790039062
0.4794921875
0.4799804688
0.48046875
0.4809570312
0.4814453125
0.4819335938
0.482421875
0.4829101562
0.4833984375
0.4838867188
0.484375
0.4848632812
0.4853515625
0.4858398438
0.486328125
0.4868164062
0.4873046875
0.4877929688
0.48828125
0.4887695312
0.4892578125
0.4897460938
0.490234375
0.4907226562
0.4912109375
0.4916992188
0.4921875
0.4926757812
0.4931640625
0.4936523438
0.494140625
0.4946289062
0.4951171875
0.4956054688
0.49609375
0.4965820312
0.4970703125
0.4975585938
0.498046875
0.4985351562
0.4990234375
0.4995117188
