55.587433
0
-4.333965209
32.279712
3.697462407
0.5146808296
-3.044410012
8.974910998
3.544629045
2.571524526
-3.505041701
3.66938556
3.390963229
2.36746528
-2.059760402
1.944724902
2.197465484
3.270442824
-2.130047499
0.797633331
1.439736847
1.464796812
1.047807193
1.322362936
-1.062718573
2.974256404
1.056738116
-0.02219980369
-1.315299628
2.432767408
1.66093469
0.1712378335
-1.77003431
2.471640978
0.5405156713
0.583452399
-2.657312709
0.08563155803
2.025968355
-0.7181126265
-0.6092551951
0.3033896279
1.862632761
0.7228388753
-0.4302249002
0.6194259676
0.6335532341
1.045648647
0.005139013333
-0.01087324302
0.09233268615
0.9849470309
0.734647939
-0.3583613013
-0.01951944
1.025668525
1.366421432
-0.2847026069
0.5660153281
1.658340154
0.08100719848
1.575605656
-1.074771619
-0.3188176241
1.161062655
1.149242663
-1.004617861
-0.6129021098
1.82321623
1.187548923
-0.5769430493
0.2694583108
0.7236023205
1.475312869
-0.110148581
0.2473791201
-0.7366655859
2.057181864
-0.4819860513
-1.114909701
-0.3426868633
1.585427683
-0.5144158256
-1.030990367
-0.3780194918
0.5498823161
0.4401565144
-1.023278897
0.07852476365
0.7625238257
0.0643537861
-0.5710007252
0.9171551458
0.1425887483
-0.1564023531
1.118522369
-0.02549842218
-0.6752483649
0.06150625794
0.9617253126
0.148254823
-1.13908564
0.9797783408
0.9333664539
0.6026047067
0.4777426736
-0.5041147636
1.458942935
-0.3330456539
0.5143979203
-1.632650533
-0.1361705094
0.7300789088
-0.4548117742
-0.6922124836
-0.2656949968
0.857742838
0.7449622899
-1.468594277
-0.7296634489
1.059740494
0.37390185
-0.7550555511
-0.7972566846
0.7874420558
1.109166679
-1.077499318
-0.7525683112
-0.04778701874
0.3699925968
0.2525763716
-1.215059386
-0.4898639554
1.078605677
0.2065948714
-1.502805526
-0.756726146
0.5513345171
0.9216736547
-2.028699417
0.6304977604
0.4183062207
1.670070947
0.2773272782
-1.037648593
1.65154781
-0.7703192247
-0.2575985945
-0.2894738914
-1.309122474
1.028874128
0.9996466033
-1.140862769
-0.4317149349
-0.05826014225
0.3886673973
-0.407918689
-1.215317688
-0.08388728156
0.4615301445
0.1518939981
-1.070304977
-0.5790224957
0.5624139344
-0.05431749394
-1.063011609
-0.436050524
-1.138558201
2.281322538
0.1971921837
-1.521521701
0.230242721
1.660439841
0.4862352141
-1.878418549
0.2189847872
0.09920133167
1.116288775
-2.441934686
-2.243513228
1.436430325
1.584219112
-4.200161282
-2.140854493
1.559015829
-1.888536784
-0.02263933647
-1.623973133
1.002099943
0.6093074021
-0.8333308832
-0.7339021081
-0.79891522
-0.6847543483
0.8692793469
-1.359119603
-1.098419031
-0.2935876831
1.236141806
-1.096153874
-1.317525509
-0.5472130419
1.493865736
-0.5021297969
-1.532308259
-0.6656227949
0.9685667525
0.08388051708
-1.72977636
-1.358360861
0.4827377632
0.2365417445
-1.594590303
-1.981494119
-0.1232044821
-0.2948005687
-0.156715721
-2.545733496
-0.5576520554
0.3230559399
0.06640179958
-2.772226673
-0.5712173197
-0.593770272
2.047227924
-1.774714184
-1.747546625
1.110625896
0.05658327109
-1.824726843
-1.844759069
-1.248670528
0.8051681939
-1.75799894
-0.4695934625
-1.925221265
0.403208183
0.4265682232
-0.9923611169
-3.050433613
0.3112841906
1.213665633
-1.629473652
-3.174962658
-0.6553888709
-0.3247144701
1.078605509
-2.821054106
-3.189422863
1.338415362
0.4381654359
-4.772269901
-2.388804686
-0.08563116021
1.270387701
-3.384002315
-3.282243224
-1.163657439
1.172661167
-2.562280594
-3.405561542
-3.860650386
3.119660304
-1.275009047
-3.198109685
-3.083316749
0.576042369
0.115059718
-2.892646995
-5.42338526
-0.4861203712
0.8145450834
-2.316837829
-5.992029799
-3.544450487
-0.06370699499
-0.3674567635
-7.616866625
-5.421004825
-1.795482446
2.94156149
-7.020406612
-9.185223367
-2.88313547
4.873535806
-8.081016386
-9.43363351
-4.965667668
4.245780859
-4.587543623
-12.81536087
-10.94114055
3.725844945
-4.157960679
-11.11945715
-18.36293841
-0.2949482322
1.017910183
-12.19854377
-30.85348372
-10.30810857
1.985790903
-7.454833166
-57.80680354
-42.44813553
0.558032345
21.00408101
-226.2164897
249.2369683
50.7714507
-25.10301003
80.35168895
48.09531919
22.39431619
-13.199656
21.93754678
28.16941226
20.63714713
-6.522297643
8.450837745
16.0897948
20.25743975
-1.979319279
1.302580662
9.122584808
17.91216188
3.412526822
-1.125976741
4.09017378
16.52714589
6.572328827
-0.9076241501
0.3344955004
14.45098686
7.057490086
0.6152290679
-2.073655211
9.362053019
9.096211358
2.525348785
-2.54198161
6.312909455
8.933334776
5.415228534
-2.800574186
3.303862913
7.953913015
7.178453241
-1.942959242
1.378620163
5.589694313
7.578279797
1.003771103
-0.4341825696
3.431831735
8.975656488
2.599368983
-1.33271137
2.163896106
8.674325035
4.156652974
0.1422350899
-0.2632646677
7.432129344
5.488644413
1.35108767
-1.824569749
6.158547061
4.983521085
3.129720793
-3.813139269
2.513103929
6.847751373
2.237625451
-1.525588927
2.597690889
4.534677293
3.774104964
0.618409743
0.1355843069
3.947613923
5.522206302
2.445210072
-0.386446598
2.870701327
7.162960787
2.474161463
0.5425580224
0.5402515223
5.655232016
4.70519796
0.9104918271
-0.9334358149
5.975088133
3.616477002
1.283160444
-0.4029033283
2.414426108
5.587438711
4.108883012
-1.972679978
1.585333343
5.886878163
3.776265939
0.4156076758
2.06224077
2.898677972
6.628422556
-0.4691907256
-0.2200867549
2.008556559
4.889282224
3.001968507
-0.877948914
1.373805048
5.926203976
4.671213659
0.2163132804
-0.1915246827
6.681107251
4.114924705
1.278012399
-1.47240076
4.684892724
4.576307172
1.877708587
-0.9714330808
2.914666088
4.684341295
3.651942143
-0.4956907021
1.761183824
3.515274493
4.920751128
0.6746449347
0.1583270332
2.811034555
5.679281116
2.644443395
0.1369418584
0.8681318894
6.733272908
3.469670995
-0.219522291
0.1024922222
6.083483852
4.326955344
1.192112287
-1.06740091
4.241383056
5.599859685
2.889479268
-1.817084119
2.665911557
5.876242851
4.588945281
-1.964514516
0.6526979166
6.366369846
5.420822168
-0.3806949558
0.8317392708
3.50040472
6.054329264
2.736883987
-1.221857379
2.632450229
7.350445659
5.406112466
-0.647884334
0.6949622185
7.96288522
7.287535068
0.5984913053
-0.722237918
7.241340785
8.091337677
3.523136398
-2.933386377
4.061336602
10.1008316
5.006340804
-1.834197567
1.993747494
10.26098334
8.013944083
1.209072578
-0.06853017916
8.800994036
12.35990192
5.231905754
-1.90684593
6.382423793
17.1992983
8.645228503
-2.320804341
3.311139359
18.12523794
16.90346868
0.7017260398
-2.121449195
19.78803191
27.03309936
6.141251296
-6.375313209
18.62778926
47.39503952
22.55218867
-10.67928785
17.61011961
127.0430668
101.7602281
-195.7288065
194.6205932
-100.0153879
-126.2213935
-16.6641348
9.388493675
-20.37371165
-46.07830353
-15.97510679
6.618265897
-6.305237264
-24.61320363
-16.63023324
0.7549145172
0.7710981482
-13.68443571
-16.44180885
-1.774308716
1.277722251
-8.218323739
-13.09224724
-5.588411224
1.02964847
-3.625600113
-9.273689942
-8.295894008
1.154905732
0.1245453513
-6.700598824
-7.397458869
-1.672149078
1.093967675
-3.396275068
-7.327579561
-3.417185457
1.659935845
-1.364279602
-6.056605096
-4.930868672
0.8383686268
0.0926738216
-4.437340836
-5.995960107
-0.7656009237
1.503327578
-3.433990378
-5.204727312
-1.519281538
1.393741541
-1.510869819
-4.368723925
-2.511718077
1.020018258
0.07969293501
-3.519792749
-2.592058588
-0.4520651446
0.8368712332
-2.562677709
-2.92206024
-1.580700806
0.619854401
-1.110999096
-2.780202436
-2.146314721
0.30516144
0.2456547184
-1.369916572
-4.020901313
0.6101676687
-0.3567617183
-2.273025253
-2.268757528
-0.8549535284
-0.3866557415
0.2696151596
-3.094024108
-2.303245145
0.009590494699
0.8342028625
-3.443381438
-2.856304537
0.4890760057
-0.3497488136
-1.258411512
-1.455995618
-1.508058887
0.1789081399
0.1859643696
-1.732081732
-2.660326728
0.9995421667
0.4062317549
-2.054316037
-3.22882628
1.14770963
-0.4049485009
-2.935158936
-1.186235001
-0.5380184365
0.2724230101
-0.3711940206
-2.144651635
-1.19923126
0.7681874568
-0.06125463368
-2.097412607
-0.7376804355
-0.3390892792
-0.2239786787
-1.137367774
-1.315542048
-0.9436234807
0.1228051471
-0.6314552867
-2.0003129
-0.2761390521
-0.05852571984
0.08014438393
-0.6744612085
-1.305056039
-0.1596820019
0.7131049474
-0.6412260293
-1.080800229
0.4989786028
-0.6155363359
0.5797910657
-2.397804716
-1.103344603
-0.05775559991
-0.7794280989
-0.6361234438
-1.184954652
-0.4056422033
0.2007075854
-0.1623112251
-1.473764054
-0.6115738098
0.6618616972
0.2632304931
-1.457525955
-0.8847396786
1.188274428
-0.1626022776
-1.614906673
-0.03868129631
0.6890424407
-0.3925032486
0.1277196036
-1.058920468
-0.2368448962
-0.3534010092
0.4381285058
-1.371084612
-1.336575079
0.4122152852
0.5441203797
-1.15976774
-1.315614136
0.5051080718
0.8987554933
-1.411162053
-1.138305729
0.5518168412
-0.01777358774
0.08634627325
-0.0675509448
-0.8443828307
0.8069618949
0.1175518222
-0.2246336248
-1.832925614
1.083451215
-0.6696240825
-1.335182478
-0.8679700201
-0.2748269798
0.3563556182
-0.9852576664
0.1013442001
0.336051898
-0.4806342155
0.4288280713
-0.3105330933
-0.2010699998
-0.8528324955
0.724240204
-0.4821748203
-0.4459198195
-1.632663096
0.3747608882
0.1406863865
-1.577331562
-0.7537604088
0.7299469916
-0.2549849009
-0.9525568972
-0.7404514266
-0.05124330851
-0.1392204759
-0.4533762575
-0.5794928576
-1.223893726
1.195507426
0.3344471836
-0.6873363506
-0.5671296552
0.937055198
0.7356877869
-0.1601959147
-0.4897388763
0.8998865426
2.370352098
-2.238722771
0.8422141133
-1.884176804
0.0565635374
-0.4412899656
-1.618811559
-0.5485910938
0.2828313982
0.3160759849
-0.6700794441
-1.243582061
0.8140659916
-0.2274343992
-0.9929928368
-0.4487263377
0.09004859355
-0.5032715849
0.4374484579
-1.332058135
-1.42000843
0.9700873089
0.3927026568
-1.458545923
-0.1616294903
-0.8173087665
-0.2472491167
0.05091771728
-1.815409648
-0.3979029879
1.018686867
-0.4531214363
-2.259936131
0.2234160495
0.1403692908
1.037720376
-1.576263205
0.001401836229
1.080710867
0.7485909565
-1.07067107
-0.2728988953
0.5656433296
1.511144609
-0.8904069717
0.4612815037
1.311300709
0.626524834
0.9336929103
-0.7381751271
0.7057157657
0.6108868961
1.039656792
-1.25526884
1.201628569
-1.142138512
0.5258163958
-0.8366656628
-0.2822478654
-1.469160893
0.2170372362
0.06200709883
-1.952973875
0.634655624
0.5354460143
0.6410295598
0.2128633169
-0.8562334126
1.389140623
-0.2434316698
-0.1470106663
-0.8124244269
0.8194674285
-0.7239583529
0.2619809084
-1.2211515
-0.3107939164
-0.274084585
-0.01976149066
-0.7941711142
-0.6964632073
0.1575942047
0.1867008669
-0.5055157249
-0.2819236603
-0.4377406352
0.3296116526
-0.1977605584
-0.7098497492
-0.2265105262
0.520273013
-0.02242896139
-0.4184685659
-0.3318856157
0.9458489504
-0.7912738395
-0.140122027
-0.4809341389
0.3474369659
-1.349289315
-0.09243750861
-0.2003197737
-1.000508536
-0.5048781839
0.2217008006
0.04464714056
-0.5675833639
-1.555891728
0.385225823
0.8579167356
-2.112493439
-0.4111305987
1.91247939
-0.8379478582
-1.68853591
-0.2273913758
0.2877472726
0.08930555435
-1.411240612
0.3598104257
0.1760275635
0.4437101907
0.01278181358
-0.5286402648
0.3003218318
-0.165894693
0.1731039426
-0.760860646
-1.052614111
1.269523957
0.3079061041
-0.8599059609
0.3048833929
-0.091200403
0.09022942636
-0.3189553211
-0.4363453444
-0.1251671107
0.3931791503
-0.2435659606
-0.2706959963
-1.01093483
0.332604804
-0.287323761
-1.558450814
0.6433068776
-0.2220723528
-0.1057005297
0.1667500489
-0.06422425284
-1.26397387
1.523986528
0.5868478128
-0.3717235946
0.1954921593
0.3331315555
0.5854820741
0.4465832223
-0.1638080386
-0.6549216865
2.369514798
-1.364912312
-1.638159866
0.2878640391
1.105052659
-1.08531874
-1.127330493
0.1734151202
0.07542630017
0.3260193797
-0.5084751243
-0.6008502509
0.6480523806
0.196303572
-0.6957729065
-0.4955039877
0.1376100158
0.6272495368
-0.2649625877
-0.5384584446
0.09750205568
0.5483546458
0.1683001321
-0.5652910818
-0.1150236427
0.3534293468
0.4749593407
-0.5443328765
-0.2379100509
-0.1433993751
0.2728459435
0.6793646646
-0.4708755255
-0.9583065218
2.107870933
-1.206755188
-1.703152537
-0.0456301668
0.3198145922
-0.1595895238
-1.480951584
1.144128817
0.3460403469
-0.3640873761
1.068970165
-1.157112242
-0.8579403468
0.8771983953
0.007079028904
-0.5590062921
-0.431095634
0.9526894613
0.7461462718
-1.156283628
0.07328599061
-0.1516432452
0.1932879062
-0.4235917991
-0.9889729012
0.3833557659
0.8133715224
-1.267539264
-0.5369500303
0.06182622894
-1.151308587
1.290893725
-0.008378792346
-1.084251051
0.4824868013
0.7592236238
-0.9590185542
-0.2966767416
0.2122779913
1.030089674
-0.2377005507
-0.4116970601
0.6881856882
-0.1917783376
0.08114388568
-0.2178565551
-0.9651533129
1.02455638
0.7980207654
-0.7478489539
-0.1068827328
0.06659376624
0.5571710719
-0.8306026425
-0.8737662563
0.3508159192
-0.2036713616
0.05514538228
-1.008294148
1.260117372
-0.332678587
1.084517051
0.6739982203
0.1947705602
0.5849043644
0.6561896087
1.351185575
-1.556727601
0.7462998041
-0.3993500538
-0.3876634967
-0.2045950377
-0.8625631195
1.045525371
0.1684944108
0.3515390717
0.4252289289
-0.1089850724
1.30990227
-0.8649449161
0.1299213907
-0.8552364968
-0.1174478117
0.5637728809
-0.7612736426
-0.3656534334
0.7646690269
0.09163234387
-0.5219854055
-0.476984467
0.538383516
-0.5097287881
-1.016423823
1.186683111
-0.9061175925
0.7321160123
1.31884842
-0.4368660919
-0.3627255504
0.646477384
0.5207503288
0.3022232783
0.2599780331
-0.7472665735
1.012901545
0.493336
-0.816571
-0.7849040595
1.307025117
0.6874418869
-1.483059781
-0.05947144125
1.856650199
-0.07113908484
-0.9991042273
0.2810111077
1.285018731
-0.5647110249
0.02899406839
-0.1695642231
-0.1014822664
0.3167485711
0.5494919706
-0.65161631
-0.08661419621
0.2957823451
0.4941096104
-0.6044516294
-0.08539685075
-0.4563412626
0.2311142481
0.3351022538
-1.291709788
0.4547522616
1.150964035
-0.1057619974
-0.8633900074
0.8187392869
0.6595739452
0.5947043166
0.4721177924
-0.4674460511
1.255778781
-0.1010373412
0.1535111831
-0.4628998265
0.5723316795
-0.3745922986
0.4588480587
-0.509398834
-0.6544259938
0.5537834331
0.6618019271
-0.01587776823
-0.466443802
0.7716486458
1.778357531
-0.7340499677
0.6463709025
-1.597266407
1.800521895
-1.453403678
-1.840699288
-0.1225028489
0.3036470487
0.09605793732
-1.32489067
0.2221636074
0.9213974871
0.008561821098
-0.1545654181
-0.8781287264
0.5842447726
0.03364243346
-0.447749695
-1.014918018
-0.3469688967
1.315389763
-0.8815230594
0.1425381488
0.6741719341
0.6116903325
0.317641585
0.2242084573
0.7596774007
-0.5252939916
1.524045275
-0.9393870573
-0.5235047898
0.2483079373
0.8708177772
-0.7764908991
0.2333152109
-0.5976915042
0.6834443807
-0.9441675993
-0.08324155607
-0.6685808742
-0.1283958379
-0.5811817421
0.04800920867
-0.7040580705
-0.9191202391
0.2758956276
0.6664192203
-1.939052679
-1.117455191
1.273266622
-1.093229064
0.03331846879
0.00238046331
0.5528196159
0.05700656804
0.1415492144
0.1149947512
0.06170269016
0.4528545083
0.1006419105
0.2711157542
-0.4824157156
0.2325385348
0.7987464181
0.5556667852
-1.611419648
1.180706893
-0.4253006471
-0.4451011625
-1.139503259
0.1123285203
-0.6354328029
-0.6558215527
-0.01373431329
-1.439786621
1.122215555
0.6821262361
-0.4913699032
0.1207004872
-0.4188993251
0.9141185533
-0.9008021698
-0.74965115
-0.6732728447
-0.03225358315
0.6150621756
-1.280071379
-0.4728537138
1.228000585
-0.3942823489
-1.007586756
-0.8308373151
-0.2203572242
1.031625202
-1.111748645
-0.6214351618
0.3204630198
0.9947846118
-0.6930014878
-0.4628312756
0.2780687192
0.6992037763
0.06397761792
-0.9026485686
-0.176121736
0.540246745
-0.1268924965
-0.2925340278
-0.6888897874
0.6610231256
0.4657127729
-0.4115594557
-0.7963582949
0.8570504988
0.02124884893
0.6882928259
-0.08539351461
0.1559972963
0.7576308124
0.7928348414
0.3939337166
-1.231372713
1.202505764
0.05801275372
-0.7949204086
-0.253522037
0.09588380254
0.9954891354
0.3042461627
-1.103202816
0.862972882
-0.3171193699
-0.3639175556
0.01082705834
-0.720586725
0.5697022438
0.8730011334
-0.6020854671
-0.3529323965
-0.01837933344
0.5327151081
0.004022199769
-1.011464433
0.3999752185
0.9620276645
0.1775349259
-0.698216494
0.4764174428
1.678262654
-1.371271528
0.04188478556
-0.09429981189
-0.7753354936
0.9782605201
0.3688400056
-0.6311151572
0.6900906982
-0.04502757035
0.3849457745
-0.9699304713
-0.3659502428
1.066949446
-0.09972328952
-0.155742206
1.132948458
-0.8271334317
0.8097855992
-0.9468519295
-0.1175795388
-0.8099260116
-0.08324463029
-0.3300018561
-0.5219469826
-0.6704298952
-0.6362078746
1.124626488
-0.430023198
-0.7054859873
0.3438778689
1.39912474
0.02389438269
-1.664005645
1.65661202
-0.2416272946
-1.139527073
-0.5890131697
0.7725902506
-0.7074567691
-0.5584157509
-0.7154107417
-0.2335276945
-0.1611126456
-0.968655538
0.1415074598
0.09844879568
-0.8325585916
-0.4478453237
0.117718539
-0.6990284165
-0.1371316687
-0.6270979421
0.2877371004
0.06290921006
-0.8966071078
-1.314644484
1.762527951
-0.5380973508
-0.3782161537
0.169453697
0.5245117309
-0.400760356
0.3504423538
-1.035200731
1.92675575
0.8274870163
-0.6971104674
0.6461871949
0.6019743272
-0.1748298684
0.4450382144
0.6880047029
-0.5097837407
0.5499441334
0.3652959194
0.02740592186
-0.8776219931
0.5826810438
0.4009877037
-0.6813414158
-0.1457344917
0.5001013726
0.3696439352
0.1771805619
-0.7452133078
0.3140944509
0.09250297052
0.09816883092
-0.7575271171
-0.5812039054
1.012913568
0.3070352529
-1.214295327
0.1305499122
0.4263590383
-0.5936110453
-0.1992212481
-0.05605413029
0.1971966584
-0.5463411532
0.9879355627
-0.2509459403
0.5822096167
0.8831272146
-0.0289616218
1.050008725
-1.459173135
0.169127658
0.3187097928
-0.9978964446
0.4166357209
0.1129809172
0.4290828894
0.5579114279
-0.3422072354
0.4066534274
-0.6053943441
0.3985122028
-0.08226005421
-1.10896759
0.6043354755
0.6878630226
0.02417534833
-0.3981459235
0.4361301919
0.9484521127
-0.1304912867
0.2317055932
-0.4590852588
0.6625392928
0.2863108479
0.1169337785
-1.094211977
1.097093662
-0.5312150243
-0.4917568363
-0.6071974265
-0.06679796875
0.1253202792
0.149348237
-1.42937603
-0.1695433504
0.4462567164
-1.114918636
0.3827904841
0.5068754272
-1.055762187
0.4055859921
-0.2224701097
-1.273074463
0.3029458347
0.1779053501
-0.1487816501
-0.1464038134
-0.5414942396
-0.5378951419
1.135265174
-0.05503456169
-1.476787536
0.2961000115
0.6998303267
-1.243086297
0.0815628204
-0.4089015198
1.434815304
0.6819934676
-1.351940317
0.0189277984
0.9294042918
0.06532981791
-1.124664608
-0.5377925345
1.073375095
-0.4205687203
0.478331193
-0.4903151886
0.8240416223
1.101279166
0.5023652315
-0.1213419552
-0.5983531993
2.53117596
-1.614531672
-1.70850861
0.5934224113
0.1053890748
0.2006797049
-0.7162114944
0.1685617645
0.4172154865
0.7821583381
-0.2918093836
-0.1006906371
0.8389796784
0.5674918404
0.3513003091
-0.9435245437
0.8875625917
-0.2033589836
-0.1308521598
-0.5156801088
0.05842356386
-0.6956564584
0.0136177594
0.2283415567
-1.738109629
1.23938759
1.335859477
-1.096244882
-0.4211268442
0.9294809503
0.0219123981
-0.0992535223
0.2875641136
0.239734986
0.1295966331
0.4012283411
0.4518980835
0.1735264406
0.7256168496
-0.4912474538
1.666996404
-1.78307388
-0.2573650313
-0.3981056772
0.1010568728
-0.9332369593
-1.019771272
0.04324822269
0.1755865267
-0.3167613041
-1.284088632
0.4879661143
0.873611098
-0.8897735508
-0.9181970557
0.4917112159
-0.05774482443
0.1171052629
-0.04363678827
-0.997043183
0.08847937347
0.6567627225
-1.615039911
1.06436232
0.4772639567
0.3132737218
1.152514587
-1.200941863
-0.08243648755
0.4672445737
0.3674966576
-1.253242827
-0.5972327745
0.9658422869
0.4617887777
-1.857535545
-0.4567409911
1.05513934
-0.770421608
-0.4417393241
0.07832057639
0.1354863262
-0.09006339535
-0.511302395
-0.5343433787
0.3393845593
-0.6185969699
0.5480265718
-0.2125309817
-0.03249659935
0.2526490807
-0.3629961264
-0.4228277299
0.4788624036
-1.306215951
1.48569065
0.3948846084
0.1956221074
0.2165576821
0.5453452037
0.6841879151
0.180366894
0.351827015
-0.7885596551
1.048405379
-0.1931546996
-1.090057223
-0.1283066917
0.4701198481
0.5012129468
-0.8206197794
-0.3379686107
0.5836517661
0.8355040225
-0.747802693
-0.3759260605
0.5874842927
1.052364538
-0.5006246918
-0.03169368498
0.6751097737
0.6391522792
0.9227773922
-1.606778219
0.03024758532
0.3567751404
-0.3230660242
-0.1023876201
-1.440571854
2.071812487
1.29177917
-1.117190669
0.07669172557
0.9048612708
0.4483680698
0.2689177623
-0.0008104152163
-0.06080806586
1.927639976
-0.8099502204
-0.6536650159
-0.2753583783
0.9969569408
-0.1518141867
-1.043185495
0.2218923803
1.077899846
-0.2790186476
-0.04239843742
-0.693596154
0.4103969213
0.3317713052
-0.1638306092
-1.088128052
0.8382542049
-0.7553866515
-0.8102768515
-0.117903757
-0.8292096705
0.468172476
-0.03388770623
-0.3628215548
-0.09429800169
-0.458604036
-0.5771513326
0.8565527825
-1.146289308
0.3220889163
0.1424036686
1.45052954
-0.7592918464
0.7325653336
1.366032577
0.2982654025
0.6332166835
-0.7044889678
0.2174583471
1.675532269
-0.008521984528
-0.4536231509
2.189106853
-1.108519364
0.1891176335
-0.01363373927
-0.5930659723
0.6322638841
1.569341352
-1.962189322
0.3969601324
-0.4335508318
-0.6845223398
0.2141150279
-0.694560876
0.5041535115
0.7211560034
-0.404556535
0.4210251105
-0.6100014176
0.3310736606
-0.3608537483
-0.05032986987
-0.6129195064
-0.379439746
0.774274547
0.09771813618
-0.9530314134
0.9109281107
-1.041399284
-0.3815488203
-0.1839878484
-1.205304258
0.3971992954
0.202873115
0.1290661012
-0.6617612687
0.1760191363
1.168079425
-0.8309844482
-0.7557339317
0.1714045937
0.3154071829
-0.2001749937
-0.5343834117
-0.2168150939
0.4063173612
-0.08696716103
-0.6580011923
-0.3498045371
0.1868824375
0.1005709665
-0.9907706834
0.5294323083
-0.1979110121
0.7611967932
0.14261153
0.2655863559
0.2481552205
0.7849406085
1.104131408
-1.162089534
1.203926742
-1.156119728
-0.235444937
0.01992665717
-0.662213766
-0.3320160793
0.7158831236
-0.8630801746
-0.6857376471
0.002885003949
-0.2522023842
-0.4131292622
-0.3440458476
0.0250631914
-0.8797056486
0.7112559692
-0.08457985933
0.4596013386
0.002010867952
0.002545707668
1.386276548
-1.193197504
-0.464686438
-0.2872897229
0.2646063585
-0.6738847059
-1.324943417
0.3933096275
0.0806688932
-0.01752433513
-1.060647004
0.5753944443
0.3735145018
0.256570284
-0.2572342502
-0.3610213575
0.5474168207
0.284932084
-0.4867165273
-0.7130142541
0.3056928697
0.7119328287
-0.854116412
-0.1831616506
0.7942823907
-0.2872693629
-0.1110651748
-0.4738847857
-0.4885831429
0.1248898829
0.2145602647
-0.8683519317
-1.207848943
0.997686174
-0.1967060129
-0.310790683
-0.9429269501
1.634273875
-0.01317776696
0.01715322241
0.6242557574
0.1756713611
0.1661078476
-0.2376701091
0.693574748
-0.9691586347
-1.333845713
2.439595415
0.3813900038
-2.118403222
1.045872675
1.293821398
-1.165886612
-1.220176135
1.020206515
0.7956085383
-1.309142425
-0.3365300859
1.016244996
-0.2577811872
-0.8394946954
0.444139128
-0.1086294117
-0.2957401535
0.6248111624
-1.107836467
-1.016267786
0.6413165472
-1.541106301
1.772055651
-0.009965990727
-0.5925154371
0.8224586762
0.8250100095
-1.12334187
0.3031930384
1.057532514
-0.2910097218
-0.3224600248
-0.1901008685
-0.7338364672
1.5164566
-0.5522743877
0.2834374134
0.5377617917
0.7831445519
0.1225248606
-0.1258973486
0.2844575853
0.7496797056
-0.2183185705
0.504094452
0.4421504345
0.539963761
0.3153795116
0.3614179255
0.893222669
-0.3050225691
0.1984506907
0.5436101388
0.7464300215
-0.8701679143
0.2578135728
0.1210066921
0.4936650908
-1.377543352
-1.077682626
1.867585857
-0.6045252888
0.2446320055
0.1638289343
1.565363269
1.273544443
-1.456837535
0.8853777444
0.2717871823
-0.222750881
-0.3835832284
0.07901613554
0.1429970726
-0.4322244514
1.28837024
-0.4373357988
0.9307570629
1.59465447
-0.1655222772
1.068785049
-0.7773984747
0.7707876376
0.0790140127
0.3360453364
-1.1638582
0.6752500186
-0.1881089497
-0.4907658887
-0.2572838846
-0.1000310589
0.4261666106
0.2770631117
-0.7143199748
0.1624768408
0.1521927618
-0.3044317217
0.373224951
0.067628348
-0.3053016767
0.7130959301
-0.02883809848
-0.6655636939
0.4811043508
0.4887161567
0.5273088004
0.3757837863
-0.5175368251
1.339757857
-0.5617399553
0.05859660789
-0.8003930763
0.2216487398
0.07636050123
-0.4204239094
-0.1205208134
0.5844065952
-0.910966473
0.2742566056
-0.3753293034
-1.007160003
0.3281495337
0.2482048208
-0.05331597582
-0.4175520014
0.02963626761
0.7462599998
-0.531224685
-0.4826247863
0.003761930822
0.1534846443
-0.3378287879
-0.1448308921
-0.6038981717
-0.9340135292
1.668709529
-0.6744926353
0.2322926279
0.8021656639
0.5351365821
0.7772153991
-1.179437725
-0.02899708175
1.146172896
-0.1504772151
-0.3580257706
0.6757936633
-0.06446385043
0.5083176849
-0.2975791387
-0.6137199031
0.7131479928
1.082304182
-0.7795861631
-0.1029290714
0.4700994011
0.692098833
-0.4539795464
0.8057276956
-1.652532129
0.704302079
-0.5251936777
-1.11070043
-1.123355778
-0.02856727751
0.5759686188
-2.037450885
0.7288779362
1.111652956
-1.235170634
-0.4148233478
0.6457948119
-1.627938534
1.399437246
1.0061577
-1.157576446
-0.006050406983
0.7159808714
-0.8388134363
1.129368405
-0.03008221472
0.306528111
1.641923769
-0.9352416701
-0.6090447294
1.298881116
0.05910108727
0.2689165869
1.213062892
-0.8219188875
0.8885452474
-0.4322443413
-0.2334318159
-0.199079045
0.2145210683
-0.07026238324
-0.165885166
0.3456231259
0.3735202834
-0.4085556402
0.9208742783
-1.065243574
0.2420858946
-1.100650139
-0.966035089
1.194240901
-0.9460844658
-0.04264856245
0.9149605405
-0.12707854
-0.1731133557
-0.1674201453
-0.5112542576
1.500897064
0.7596846011
-1.482415693
0.8067250056
0.4528267708
0.1327599677
-1.608455958
-0.1730170161
1.082781389
-0.3544423479
-0.9380434353
0.1934979799
0.564382951
-0.08649559927
-0.3143186363
0.01208483572
-0.2358262832
0.6693419492
-0.3697903562
-1.040823722
0.05539416201
0.8312901155
-0.2966172081
-1.433753145
0.9603385766
0.6597129851
0.01288461919
0.05854887535
-0.2257748273
0.2813858717
0.9574368882
0.17010007
-0.8940603704
1.175800146
-0.07799644486
0.1272561157
-1.164827139
0.1191752138
-0.07822040957
0.3125591416
-2.012128543
-1.054795334
1.064660464
-1.649601749
1.192002598
-0.4300013459
0.6012532
1.373966436
-0.3391829493
-0.6461775788
0.6069718564
0.7802975856
0.1412677306
-0.3463081347
0.3740843016
0.9555436127
0.2126782571
0.1467859038
0.1167421028
0.867732339
0.01792353154
1.343742104
-1.620599399
0.01041112096
0.8636832615
0.6135902351
-1.847132385
0.6223182485
-0.1700717338
0.04200871836
-1.039331244
-0.5861459482
0.4586686286
0.7183254501
-1.307150439
-0.008185342187
-0.5938368012
0.3926329475
-1.082828597
-0.3873087959
-1.773090273
-0.4702088153
0.4559234104
-2.172909498
-0.423936491
0.2385130657
0.3873266465
-1.374066725
-0.6395913829
-0.560280391
1.777915359
-1.42596154
0.319707671
0.2297127658
2.10787273
0.3789886058
-1.136680685
1.866659128
-0.5802636107
-0.7500815337
0.5375821381
-0.2521403209
-0.3709690958
0.972672456
-0.370076786
-1.127925194
0.3960408945
0.3197504335
0.4594787148
-0.361572403
-0.1851305918
0.5115033454
1.084773893
0.1239422174
-1.362518058
1.05706079
0.9166288178
-0.6052364492
-0.954116834
1.232169238
-0.03883977769
-0.01222536222
-1.280605
0
-0.03883977769
0.01222536222
-0.954116834
-1.232169238
0.9166288178
0.6052364492
-1.362518058
-1.05706079
1.084773893
-0.1239422174
-0.1851305918
-0.5115033454
0.4594787148
0.361572403
0.3960408945
-0.3197504335
-0.370076786
1.127925194
-0.3709690958
-0.972672456
0.5375821381
0.2521403209
-0.5802636107
0.7500815337
-1.136680685
-1.866659128
2.10787273
-0.3789886058
0.319707671
-0.2297127658
1.777915359
1.42596154
-0.6395913829
0.560280391
0.3873266465
1.374066725
-0.423936491
-0.2385130657
0.4559234104
2.172909498
-1.773090273
0.4702088153
-1.082828597
0.3873087959
-0.5938368012
-0.3926329475
-1.307150439
0.008185342187
0.4586686286
-0.7183254501
-1.039331244
0.5861459482
-0.1700717338
-0.04200871836
-1.847132385
-0.6223182485
0.8636832615
-0.6135902351
-1.620599399
-0.01041112096
0.01792353154
-1.343742104
0.1167421028
-0.867732339
0.2126782571
-0.1467859038
0.3740843016
-0.9555436127
0.1412677306
0.3463081347
0.6069718564
-0.7802975856
-0.3391829493
0.6461775788
0.6012532
-1.373966436
1.192002598
0.4300013459
1.064660464
1.649601749
-2.012128543
1.054795334
-0.07822040957
-0.3125591416
-1.164827139
-0.1191752138
-0.07799644486
-0.1272561157
-0.8940603704
-1.175800146
0.9574368882
-0.17010007
-0.2257748273
-0.2813858717
0.01288461919
-0.05854887535
0.9603385766
-0.6597129851
-0.2966172081
1.433753145
0.05539416201
-0.8312901155
-0.3697903562
1.040823722
-0.2358262832
-0.6693419492
-0.3143186363
-0.01208483572
0.564382951
0.08649559927
-0.9380434353
-0.1934979799
1.082781389
0.3544423479
-1.608455958
0.1730170161
0.4528267708
-0.1327599677
-1.482415693
-0.8067250056
1.500897064
-0.7596846011
-0.1674201453
0.5112542576
-0.12707854
0.1731133557
-0.04264856245
-0.9149605405
1.194240901
0.9460844658
-1.100650139
0.966035089
-1.065243574
-0.2420858946
-0.4085556402
-0.9208742783
0.3456231259
-0.3735202834
-0.07026238324
0.165885166
-0.199079045
-0.2145210683
-0.4322443413
0.2334318159
-0.8219188875
-0.8885452474
0.2689165869
-1.213062892
1.298881116
-0.05910108727
-0.9352416701
0.6090447294
0.306528111
-1.641923769
1.129368405
0.03008221472
0.7159808714
0.8388134363
-1.157576446
0.006050406983
1.399437246
-1.0061577
0.6457948119
1.627938534
-1.235170634
0.4148233478
0.7288779362
-1.111652956
0.5759686188
2.037450885
-1.123355778
0.02856727751
-0.5251936777
1.11070043
-1.652532129
-0.704302079
-0.4539795464
-0.8057276956
0.4700994011
-0.692098833
-0.7795861631
0.1029290714
0.7131479928
-1.082304182
-0.2975791387
0.6137199031
-0.06446385043
-0.5083176849
-0.3580257706
-0.6757936633
1.146172896
0.1504772151
-1.179437725
0.02899708175
0.5351365821
-0.7772153991
0.2322926279
-0.8021656639
1.668709529
0.6744926353
-0.6038981717
0.9340135292
-0.3378287879
0.1448308921
0.003761930822
-0.1534846443
-0.531224685
0.4826247863
0.02963626761
-0.7462599998
-0.05331597582
0.4175520014
0.3281495337
-0.2482048208
-0.3753293034
1.007160003
-0.910966473
-0.2742566056
-0.1205208134
-0.5844065952
0.07636050123
0.4204239094
-0.8003930763
-0.2216487398
-0.5617399553
-0.05859660789
-0.5175368251
-1.339757857
0.5273088004
-0.3757837863
0.4811043508
-0.4887161567
-0.02883809848
0.6655636939
-0.3053016767
-0.7130959301
0.373224951
-0.067628348
0.1521927618
0.3044317217
-0.7143199748
-0.1624768408
0.4261666106
-0.2770631117
-0.2572838846
0.1000310589
-0.1881089497
0.4907658887
-1.1638582
-0.6752500186
0.0790140127
-0.3360453364
-0.7773984747
-0.7707876376
-0.1655222772
-1.068785049
0.9307570629
-1.59465447
1.28837024
0.4373357988
0.1429970726
0.4322244514
-0.3835832284
-0.07901613554
0.2717871823
0.222750881
-1.456837535
-0.8853777444
1.565363269
-1.273544443
0.2446320055
-0.1638289343
1.867585857
0.6045252888
-1.377543352
1.077682626
0.1210066921
-0.4936650908
-0.8701679143
-0.2578135728
0.5436101388
-0.7464300215
-0.3050225691
-0.1984506907
0.3614179255
-0.893222669
0.539963761
-0.3153795116
0.504094452
-0.4421504345
0.7496797056
0.2183185705
-0.1258973486
-0.2844575853
0.7831445519
-0.1225248606
0.2834374134
-0.5377617917
1.5164566
0.5522743877
-0.1901008685
0.7338364672
-0.2910097218
0.3224600248
0.3031930384
-1.057532514
0.8250100095
1.12334187
-0.5925154371
-0.8224586762
1.772055651
0.009965990727
0.6413165472
1.541106301
-1.107836467
1.016267786
-0.2957401535
-0.6248111624
0.444139128
0.1086294117
-0.2577811872
0.8394946954
-0.3365300859
-1.016244996
0.7956085383
1.309142425
-1.220176135
-1.020206515
1.293821398
1.165886612
-2.118403222
-1.045872675
2.439595415
-0.3813900038
-0.9691586347
1.333845713
-0.2376701091
-0.693574748
0.1756713611
-0.1661078476
0.01715322241
-0.6242557574
1.634273875
0.01317776696
-0.310790683
0.9429269501
0.997686174
0.1967060129
-0.8683519317
1.207848943
0.1248898829
-0.2145602647
-0.4738847857
0.4885831429
-0.2872693629
0.1110651748
-0.1831616506
-0.7942823907
0.7119328287
0.854116412
-0.7130142541
-0.3056928697
0.284932084
0.4867165273
-0.3610213575
-0.5474168207
0.256570284
0.2572342502
0.5753944443
-0.3735145018
-0.01752433513
1.060647004
0.3933096275
-0.0806688932
-0.6738847059
1.324943417
-0.2872897229
-0.2646063585
-1.193197504
0.464686438
0.002545707668
-1.386276548
0.4596013386
-0.002010867952
0.7112559692
0.08457985933
0.0250631914
0.8797056486
-0.4131292622
0.3440458476
0.002885003949
0.2522023842
-0.8630801746
0.6857376471
-0.3320160793
-0.7158831236
0.01992665717
0.662213766
-1.156119728
0.235444937
-1.162089534
-1.203926742
0.7849406085
-1.104131408
0.2655863559
-0.2481552205
0.7611967932
-0.14261153
0.5294323083
0.1979110121
0.1005709665
0.9907706834
-0.3498045371
-0.1868824375
-0.08696716103
0.6580011923
-0.2168150939
-0.4063173612
-0.2001749937
0.5343834117
0.1714045937
-0.3154071829
-0.8309844482
0.7557339317
0.1760191363
-1.168079425
0.1290661012
0.6617612687
0.3971992954
-0.202873115
-0.1839878484
1.205304258
-1.041399284
0.3815488203
-0.9530314134
-0.9109281107
0.774274547
-0.09771813618
-0.6129195064
0.379439746
-0.3608537483
0.05032986987
-0.6100014176
-0.3310736606
-0.404556535
-0.4210251105
0.5041535115
-0.7211560034
0.2141150279
0.694560876
-0.4335508318
0.6845223398
-1.962189322
-0.3969601324
0.6322638841
-1.569341352
-0.01363373927
0.5930659723
-1.108519364
-0.1891176335
-0.4536231509
-2.189106853
1.675532269
0.008521984528
-0.7044889678
-0.2174583471
0.2982654025
-0.6332166835
0.7325653336
-1.366032577
1.45052954
0.7592918464
0.3220889163
-0.1424036686
0.8565527825
1.146289308
-0.458604036
0.5771513326
-0.3628215548
0.09429800169
0.468172476
0.03388770623
-0.117903757
0.8292096705
-0.7553866515
0.8102768515
-1.088128052
-0.8382542049
0.3317713052
0.1638306092
-0.693596154
-0.4103969213
-0.2790186476
0.04239843742
0.2218923803
-1.077899846
-0.1518141867
1.043185495
-0.2753583783
-0.9969569408
-0.8099502204
0.6536650159
-0.06080806586
-1.927639976
0.2689177623
0.0008104152163
0.9048612708
-0.4483680698
-1.117190669
-0.07669172557
2.071812487
-1.29177917
-0.1023876201
1.440571854
0.3567751404
0.3230660242
-1.606778219
-0.03024758532
0.6391522792
-0.9227773922
-0.03169368498
-0.6751097737
1.052364538
0.5006246918
-0.3759260605
-0.5874842927
0.8355040225
0.747802693
-0.3379686107
-0.5836517661
0.5012129468
0.8206197794
-0.1283066917
-0.4701198481
-0.1931546996
1.090057223
-0.7885596551
-1.048405379
0.180366894
-0.351827015
0.5453452037
-0.6841879151
0.1956221074
-0.2165576821
1.48569065
-0.3948846084
0.4788624036
1.306215951
-0.3629961264
0.4228277299
-0.03249659935
-0.2526490807
0.5480265718
0.2125309817
0.3393845593
0.6185969699
-0.511302395
0.5343433787
0.1354863262
0.09006339535
-0.4417393241
-0.07832057639
1.05513934
0.770421608
-1.857535545
0.4567409911
0.9658422869
-0.4617887777
-1.253242827
0.5972327745
0.4672445737
-0.3674966576
-1.200941863
0.08243648755
0.3132737218
-1.152514587
1.06436232
-0.4772639567
0.6567627225
1.615039911
-0.997043183
-0.08847937347
0.1171052629
0.04363678827
0.4917112159
0.05774482443
-0.8897735508
0.9181970557
0.4879661143
-0.873611098
-0.3167613041
1.284088632
0.04324822269
-0.1755865267
-0.9332369593
1.019771272
-0.3981056772
-0.1010568728
-1.78307388
0.2573650313
-0.4912474538
-1.666996404
0.1735264406
-0.7256168496
0.4012283411
-0.4518980835
0.239734986
-0.1295966331
-0.0992535223
-0.2875641136
0.9294809503
-0.0219123981
-1.096244882
0.4211268442
1.23938759
-1.335859477
0.2283415567
1.738109629
-0.6956564584
-0.0136177594
-0.5156801088
-0.05842356386
-0.2033589836
0.1308521598
-0.9435245437
-0.8875625917
0.5674918404
-0.3513003091
-0.1006906371
-0.8389796784
0.7821583381
0.2918093836
0.1685617645
-0.4172154865
0.2006797049
0.7162114944
0.5934224113
-0.1053890748
-1.614531672
1.70850861
-0.5983531993
-2.53117596
0.5023652315
0.1213419552
0.8240416223
-1.101279166
0.478331193
0.4903151886
1.073375095
0.4205687203
-1.124664608
0.5377925345
0.9294042918
-0.06532981791
-1.351940317
-0.0189277984
1.434815304
-0.6819934676
0.0815628204
0.4089015198
0.6998303267
1.243086297
-1.476787536
-0.2961000115
1.135265174
0.05503456169
-0.5414942396
0.5378951419
-0.1487816501
0.1464038134
0.3029458347
-0.1779053501
-0.2224701097
1.273074463
-1.055762187
-0.4055859921
0.3827904841
-0.5068754272
0.4462567164
1.114918636
-1.42937603
0.1695433504
0.1253202792
-0.149348237
-0.6071974265
0.06679796875
-0.5312150243
0.4917568363
-1.094211977
-1.097093662
0.2863108479
-0.1169337785
-0.4590852588
-0.6625392928
-0.1304912867
-0.2317055932
0.4361301919
-0.9484521127
0.02417534833
0.3981459235
0.6043354755
-0.6878630226
-0.08226005421
1.10896759
-0.6053943441
-0.3985122028
-0.3422072354
-0.4066534274
0.4290828894
-0.5579114279
0.4166357209
-0.1129809172
0.3187097928
0.9978964446
-1.459173135
-0.169127658
-0.0289616218
-1.050008725
0.5822096167
-0.8831272146
0.9879355627
0.2509459403
0.1971966584
0.5463411532
-0.1992212481
0.05605413029
0.4263590383
0.5936110453
-1.214295327
-0.1305499122
1.012913568
-0.3070352529
-0.7575271171
0.5812039054
0.09250297052
-0.09816883092
-0.7452133078
-0.3140944509
0.3696439352
-0.1771805619
-0.1457344917
-0.5001013726
0.4009877037
0.6813414158
-0.8776219931
-0.5826810438
0.3652959194
-0.02740592186
-0.5097837407
-0.5499441334
0.4450382144
-0.6880047029
0.6019743272
0.1748298684
-0.6971104674
-0.6461871949
1.92675575
-0.8274870163
0.3504423538
1.035200731
0.5245117309
0.400760356
-0.3782161537
-0.169453697
1.762527951
0.5380973508
-0.8966071078
1.314644484
0.2877371004
-0.06290921006
-0.1371316687
0.6270979421
0.117718539
0.6990284165
-0.8325585916
0.4478453237
0.1415074598
-0.09844879568
-0.1611126456
0.968655538
-0.7154107417
0.2335276945
-0.7074567691
0.5584157509
-0.5890131697
-0.7725902506
-0.2416272946
1.139527073
-1.664005645
-1.65661202
1.39912474
-0.02389438269
-0.7054859873
-0.3438778689
1.124626488
0.430023198
-0.6704298952
0.6362078746
-0.3300018561
0.5219469826
-0.8099260116
0.08324463029
-0.9468519295
0.1175795388
-0.8271334317
-0.8097855992
-0.155742206
-1.132948458
1.066949446
0.09972328952
-0.9699304713
0.3659502428
-0.04502757035
-0.3849457745
-0.6311151572
-0.6900906982
0.9782605201
-0.3688400056
-0.09429981189
0.7753354936
-1.371271528
-0.04188478556
0.4764174428
-1.678262654
0.1775349259
0.698216494
0.3999752185
-0.9620276645
0.004022199769
1.011464433
-0.01837933344
-0.5327151081
-0.6020854671
0.3529323965
0.5697022438
-0.8730011334
0.01082705834
0.720586725
-0.3171193699
0.3639175556
-1.103202816
-0.862972882
0.9954891354
-0.3042461627
-0.253522037
-0.09588380254
0.05801275372
0.7949204086
-1.231372713
-1.202505764
0.7928348414
-0.3939337166
0.1559972963
-0.7576308124
0.6882928259
0.08539351461
0.8570504988
-0.02124884893
-0.4115594557
0.7963582949
0.6610231256
-0.4657127729
-0.2925340278
0.6888897874
0.540246745
0.1268924965
-0.9026485686
0.176121736
0.6992037763
-0.06397761792
-0.4628312756
-0.2780687192
0.9947846118
0.6930014878
-0.6214351618
-0.3204630198
1.031625202
1.111748645
-0.8308373151
0.2203572242
-0.3942823489
1.007586756
-0.4728537138
-1.228000585
0.6150621756
1.280071379
-0.6732728447
0.03225358315
-0.9008021698
0.74965115
-0.4188993251
-0.9141185533
-0.4913699032
-0.1207004872
1.122215555
-0.6821262361
-0.01373431329
1.439786621
-0.6354328029
0.6558215527
-1.139503259
-0.1123285203
-0.4253006471
0.4451011625
-1.611419648
-1.180706893
0.7987464181
-0.5556667852
-0.4824157156
-0.2325385348
0.1006419105
-0.2711157542
0.06170269016
-0.4528545083
0.1415492144
-0.1149947512
0.5528196159
-0.05700656804
0.03331846879
-0.00238046331
1.273266622
1.093229064
-1.939052679
1.117455191
0.2758956276
-0.6664192203
-0.7040580705
0.9191202391
-0.5811817421
-0.04800920867
-0.6685808742
0.1283958379
-0.9441675993
0.08324155607
-0.5976915042
-0.6834443807
-0.7764908991
-0.2333152109
0.2483079373
-0.8708177772
-0.9393870573
0.5235047898
-0.5252939916
-1.524045275
0.2242084573
-0.7596774007
0.6116903325
-0.317641585
0.1425381488
-0.6741719341
1.315389763
0.8815230594
-1.014918018
0.3469688967
0.03364243346
0.447749695
-0.8781287264
-0.5842447726
0.008561821098
0.1545654181
0.2221636074
-0.9213974871
0.09605793732
1.32489067
-0.1225028489
-0.3036470487
-1.453403678
1.840699288
-1.597266407
-1.800521895
-0.7340499677
-0.6463709025
0.7716486458
-1.778357531
-0.01587776823
0.466443802
0.5537834331
-0.6618019271
-0.509398834
0.6544259938
-0.3745922986
-0.4588480587
-0.4628998265
-0.5723316795
-0.1010373412
-0.1535111831
-0.4674460511
-1.255778781
0.5947043166
-0.4721177924
0.8187392869
-0.6595739452
-0.1057619974
0.8633900074
0.4547522616
-1.150964035
0.3351022538
1.291709788
-0.4563412626
-0.2311142481
-0.6044516294
0.08539685075
0.2957823451
-0.4941096104
-0.65161631
0.08661419621
0.3167485711
-0.5494919706
-0.1695642231
0.1014822664
-0.5647110249
-0.02899406839
0.2810111077
-1.285018731
-0.07113908484
0.9991042273
-0.05947144125
-1.856650199
0.6874418869
1.483059781
-0.7849040595
-1.307025117
0.493336
0.816571
-0.7472665735
-1.012901545
0.3022232783
-0.2599780331
0.646477384
-0.5207503288
-0.4368660919
0.3627255504
0.7321160123
-1.31884842
1.186683111
0.9061175925
-0.5097287881
1.016423823
-0.476984467
-0.538383516
0.09163234387
0.5219854055
-0.3656534334
-0.7646690269
0.5637728809
0.7612736426
-0.8552364968
0.1174478117
-0.8649449161
-0.1299213907
-0.1089850724
-1.30990227
0.3515390717
-0.4252289289
1.045525371
-0.1684944108
-0.2045950377
0.8625631195
-0.3993500538
0.3876634967
-1.556727601
-0.7462998041
0.6561896087
-1.351185575
0.1947705602
-0.5849043644
1.084517051
-0.6739982203
1.260117372
0.332678587
0.05514538228
1.008294148
0.3508159192
0.2036713616
-0.8306026425
0.8737662563
0.06659376624
-0.5571710719
-0.7478489539
0.1068827328
1.02455638
-0.7980207654
-0.2178565551
0.9651533129
-0.1917783376
-0.08114388568
-0.4116970601
-0.6881856882
1.030089674
0.2377005507
-0.2966767416
-0.2122779913
0.7592236238
0.9590185542
-1.084251051
-0.4824868013
1.290893725
0.008378792346
0.06182622894
1.151308587
-1.267539264
0.5369500303
0.3833557659
-0.8133715224
-0.4235917991
0.9889729012
-0.1516432452
-0.1932879062
-1.156283628
-0.07328599061
0.9526894613
-0.7461462718
-0.5590062921
0.431095634
0.8771983953
-0.007079028904
-1.157112242
0.8579403468
-0.3640873761
-1.068970165
1.144128817
-0.3460403469
-0.1595895238
1.480951584
-0.0456301668
-0.3198145922
-1.206755188
1.703152537
-0.9583065218
-2.107870933
0.6793646646
0.4708755255
-0.1433993751
-0.2728459435
-0.5443328765
0.2379100509
0.3534293468
-0.4749593407
-0.5652910818
0.1150236427
0.5483546458
-0.1683001321
-0.5384584446
-0.09750205568
0.6272495368
0.2649625877
-0.4955039877
-0.1376100158
0.196303572
0.6957729065
-0.6008502509
-0.6480523806
0.3260193797
0.5084751243
0.1734151202
-0.07542630017
-1.08531874
1.127330493
0.2878640391
-1.105052659
-1.364912312
1.638159866
-0.6549216865
-2.369514798
0.4465832223
0.1638080386
0.3331315555
-0.5854820741
-0.3717235946
-0.1954921593
1.523986528
-0.5868478128
-0.06422425284
1.26397387
-0.1057005297
-0.1667500489
0.6433068776
0.2220723528
-0.287323761
1.558450814
-1.01093483
-0.332604804
-0.2435659606
0.2706959963
-0.1251671107
-0.3931791503
-0.3189553211
0.4363453444
-0.091200403
-0.09022942636
-0.8599059609
-0.3048833929
1.269523957
-0.3079061041
-0.760860646
1.052614111
-0.165894693
-0.1731039426
-0.5286402648
-0.3003218318
0.4437101907
-0.01278181358
0.3598104257
-0.1760275635
0.08930555435
1.411240612
-0.2273913758
-0.2877472726
-0.8379478582
1.68853591
-0.4111305987
-1.91247939
0.8579167356
2.112493439
-1.555891728
-0.385225823
0.04464714056
0.5675833639
-0.5048781839
-0.2217008006
-0.2003197737
1.000508536
-1.349289315
0.09243750861
-0.4809341389
-0.3474369659
-0.7912738395
0.140122027
-0.3318856157
-0.9458489504
-0.02242896139
0.4184685659
-0.2265105262
-0.520273013
-0.1977605584
0.7098497492
-0.4377406352
-0.3296116526
-0.5055157249
0.2819236603
0.1575942047
-0.1867008669
-0.7941711142
0.6964632073
-0.274084585
0.01976149066
-1.2211515
0.3107939164
-0.7239583529
-0.2619809084
-0.8124244269
-0.8194674285
-0.2434316698
0.1470106663
-0.8562334126
-1.389140623
0.6410295598
-0.2128633169
0.634655624
-0.5354460143
0.06200709883
1.952973875
-1.469160893
-0.2170372362
-0.8366656628
0.2822478654
-1.142138512
-0.5258163958
-1.25526884
-1.201628569
0.6108868961
-1.039656792
-0.7381751271
-0.7057157657
0.626524834
-0.9336929103
0.4612815037
-1.311300709
1.511144609
0.8904069717
-0.2728988953
-0.5656433296
0.7485909565
1.07067107
0.001401836229
-1.080710867
1.037720376
1.576263205
0.2234160495
-0.1403692908
-0.4531214363
2.259936131
-0.3979029879
-1.018686867
0.05091771728
1.815409648
-0.8173087665
0.2472491167
-1.458545923
0.1616294903
0.9700873089
-0.3927026568
-1.332058135
1.42000843
-0.5032715849
-0.4374484579
-0.4487263377
-0.09004859355
-0.2274343992
0.9929928368
-1.243582061
-0.8140659916
0.3160759849
0.6700794441
-0.5485910938
-0.2828313982
-0.4412899656
1.618811559
-1.884176804
-0.0565635374
-2.238722771
-0.8422141133
0.8998865426
-2.370352098
-0.1601959147
0.4897388763
0.937055198
-0.7356877869
-0.6873363506
0.5671296552
1.195507426
-0.3344471836
-0.5794928576
1.223893726
-0.1392204759
0.4533762575
-0.7404514266
0.05124330851
-0.2549849009
0.9525568972
-0.7537604088
-0.7299469916
0.1406863865
1.577331562
-1.632663096
-0.3747608882
-0.4821748203
0.4459198195
-0.8528324955
-0.724240204
-0.3105330933
0.2010699998
-0.4806342155
-0.4288280713
0.1013442001
-0.336051898
0.3563556182
0.9852576664
-0.8679700201
0.2748269798
-0.6696240825
1.335182478
-1.832925614
-1.083451215
0.1175518222
0.2246336248
-0.8443828307
-0.8069618949
0.08634627325
0.0675509448
0.5518168412
0.01777358774
-1.411162053
1.138305729
0.5051080718
-0.8987554933
-1.15976774
1.315614136
0.4122152852
-0.5441203797
-1.371084612
1.336575079
-0.3534010092
-0.4381285058
-1.058920468
0.2368448962
-0.3925032486
-0.1277196036
-0.03868129631
-0.6890424407
-0.1626022776
1.614906673
-0.8847396786
-1.188274428
0.2632304931
1.457525955
-0.6115738098
-0.6618616972
-0.1623112251
1.473764054
-0.4056422033
-0.2007075854
-0.6361234438
1.184954652
-0.05775559991
0.7794280989
-2.397804716
1.103344603
-0.6155363359
-0.5797910657
-1.080800229
-0.4989786028
0.7131049474
0.6412260293
-1.305056039
0.1596820019
0.08014438393
0.6744612085
-0.2761390521
0.05852571984
-0.6314552867
2.0003129
-0.9436234807
-0.1228051471
-1.137367774
1.315542048
-0.3390892792
0.2239786787
-2.097412607
0.7376804355
0.7681874568
0.06125463368
-2.144651635
1.19923126
0.2724230101
0.3711940206
-1.186235001
0.5380184365
-0.4049485009
2.935158936
-3.22882628
-1.14770963
0.4062317549
2.054316037
-2.660326728
-0.9995421667
0.1859643696
1.732081732
-1.508058887
-0.1789081399
-1.258411512
1.455995618
0.4890760057
0.3497488136
-3.443381438
2.856304537
0.009590494699
-0.8342028625
-3.094024108
2.303245145
-0.3866557415
-0.2696151596
-2.268757528
0.8549535284
-0.3567617183
2.273025253
-4.020901313
-0.6101676687
0.2456547184
1.369916572
-2.146314721
-0.30516144
-1.110999096
2.780202436
-1.580700806
-0.619854401
-2.562677709
2.92206024
-0.4520651446
-0.8368712332
-3.519792749
2.592058588
1.020018258
-0.07969293501
-4.368723925
2.511718077
1.393741541
1.510869819
-5.204727312
1.519281538
1.503327578
3.433990378
-5.995960107
0.7656009237
0.0926738216
4.437340836
-4.930868672
-0.8383686268
-1.364279602
6.056605096
-3.417185457
-1.659935845
-3.396275068
7.327579561
-1.672149078
-1.093967675
-6.700598824
7.397458869
1.154905732
-0.1245453513
-9.273689942
8.295894008
1.02964847
3.625600113
-13.09224724
5.588411224
1.277722251
8.218323739
-16.44180885
1.774308716
0.7710981482
13.68443571
-16.63023324
-0.7549145172
-6.305237264
24.61320363
-15.97510679
-6.618265897
-20.37371165
46.07830353
-16.6641348
-9.388493675
-100.0153879
126.2213935
-195.7288065
-194.6205932
127.0430668
-101.7602281
-10.67928785
-17.61011961
47.39503952
-22.55218867
-6.375313209
-18.62778926
27.03309936
-6.141251296
-2.121449195
-19.78803191
16.90346868
-0.7017260398
3.311139359
-18.12523794
8.645228503
2.320804341
6.382423793
-17.1992983
5.231905754
1.90684593
8.800994036
-12.35990192
1.209072578
0.06853017916
10.26098334
-8.013944083
-1.834197567
-1.993747494
10.1008316
-5.006340804
-2.933386377
-4.061336602
8.091337677
-3.523136398
-0.722237918
-7.241340785
7.287535068
-0.5984913053
0.6949622185
-7.96288522
5.406112466
0.647884334
2.632450229
-7.350445659
2.736883987
1.221857379
3.50040472
-6.054329264
-0.3806949558
-0.8317392708
6.366369846
-5.420822168
-1.964514516
-0.6526979166
5.876242851
-4.588945281
-1.817084119
-2.665911557
5.599859685
-2.889479268
-1.06740091
-4.241383056
4.326955344
-1.192112287
0.1024922222
-6.083483852
3.469670995
0.219522291
0.8681318894
-6.733272908
2.644443395
-0.1369418584
2.811034555
-5.679281116
0.6746449347
-0.1583270332
3.515274493
-4.920751128
-0.4956907021
-1.761183824
4.684341295
-3.651942143
-0.9714330808
-2.914666088
4.576307172
-1.877708587
-1.47240076
-4.684892724
4.114924705
-1.278012399
-0.1915246827
-6.681107251
4.671213659
-0.2163132804
1.373805048
-5.926203976
3.001968507
0.877948914
2.008556559
-4.889282224
-0.4691907256
0.2200867549
2.898677972
-6.628422556
0.4156076758
-2.06224077
5.886878163
-3.776265939
-1.972679978
-1.585333343
5.587438711
-4.108883012
-0.4029033283
-2.414426108
3.616477002
-1.283160444
-0.9334358149
-5.975088133
4.70519796
-0.9104918271
0.5402515223
-5.655232016
2.474161463
-0.5425580224
2.870701327
-7.162960787
2.445210072
0.386446598
3.947613923
-5.522206302
0.618409743
-0.1355843069
4.534677293
-3.774104964
-1.525588927
-2.597690889
6.847751373
-2.237625451
-3.813139269
-2.513103929
4.983521085
-3.129720793
-1.824569749
-6.158547061
5.488644413
-1.35108767
-0.2632646677
-7.432129344
4.156652974
-0.1422350899
2.163896106
-8.674325035
2.599368983
1.33271137
3.431831735
-8.975656488
1.003771103
0.4341825696
5.589694313
-7.578279797
-1.942959242
-1.378620163
7.953913015
-7.178453241
-2.800574186
-3.303862913
8.933334776
-5.415228534
-2.54198161
-6.312909455
9.096211358
-2.525348785
-2.073655211
-9.362053019
7.057490086
-0.6152290679
0.3344955004
-14.45098686
6.572328827
0.9076241501
4.09017378
-16.52714589
3.412526822
1.125976741
9.122584808
-17.91216188
-1.979319279
-1.302580662
16.0897948
-20.25743975
-6.522297643
-8.450837745
28.16941226
-20.63714713
-13.199656
-21.93754678
48.09531919
-22.39431619
-25.10301003
-80.35168895
249.2369683
-50.7714507
21.00408101
226.2164897
-42.44813553
-0.558032345
-7.454833166
57.80680354
-10.30810857
-1.985790903
-12.19854377
30.85348372
-0.2949482322
-1.017910183
-11.11945715
18.36293841
3.725844945
4.157960679
-12.81536087
10.94114055
4.245780859
4.587543623
-9.43363351
4.965667668
4.873535806
8.081016386
-9.185223367
2.88313547
2.94156149
7.020406612
-5.421004825
1.795482446
-0.3674567635
7.616866625
-3.544450487
0.06370699499
-2.316837829
5.992029799
-0.4861203712
-0.8145450834
-2.892646995
5.42338526
0.576042369
-0.115059718
-3.198109685
3.083316749
3.119660304
1.275009047
-3.405561542
3.860650386
1.172661167
2.562280594
-3.282243224
1.163657439
1.270387701
3.384002315
-2.388804686
0.08563116021
0.4381654359
4.772269901
-3.189422863
-1.338415362
1.078605509
2.821054106
-0.6553888709
0.3247144701
-1.629473652
3.174962658
0.3112841906
-1.213665633
-0.9923611169
3.050433613
0.403208183
-0.4265682232
-0.4695934625
1.925221265
0.8051681939
1.75799894
-1.844759069
1.248670528
0.05658327109
1.824726843
-1.747546625
-1.110625896
2.047227924
1.774714184
-0.5712173197
0.593770272
0.06640179958
2.772226673
-0.5576520554
-0.3230559399
-0.156715721
2.545733496
-0.1232044821
0.2948005687
-1.594590303
1.981494119
0.4827377632
-0.2365417445
-1.72977636
1.358360861
0.9685667525
-0.08388051708
-1.532308259
0.6656227949
1.493865736
0.5021297969
-1.317525509
0.5472130419
1.236141806
1.096153874
-1.098419031
0.2935876831
0.8692793469
1.359119603
-0.79891522
0.6847543483
-0.8333308832
0.7339021081
1.002099943
-0.6093074021
-0.02263933647
1.623973133
1.559015829
1.888536784
-4.200161282
2.140854493
1.436430325
-1.584219112
-2.441934686
2.243513228
0.09920133167
-1.116288775
-1.878418549
-0.2189847872
1.660439841
-0.4862352141
-1.521521701
-0.230242721
2.281322538
-0.1971921837
-0.436050524
1.138558201
-0.05431749394
1.063011609
-0.5790224957
-0.5624139344
0.1518939981
1.070304977
-0.08388728156
-0.4615301445
-0.407918689
1.215317688
-0.05826014225
-0.3886673973
-1.140862769
0.4317149349
1.028874128
-0.9996466033
-0.2894738914
1.309122474
-0.7703192247
0.2575985945
-1.037648593
-1.65154781
1.670070947
-0.2773272782
0.6304977604
-0.4183062207
0.9216736547
2.028699417
-0.756726146
-0.5513345171
0.2065948714
1.502805526
-0.4898639554
-1.078605677
0.2525763716
1.215059386
-0.04778701874
-0.3699925968
-1.077499318
0.7525683112
0.7874420558
-1.109166679
-0.7550555511
0.7972566846
1.059740494
-0.37390185
-1.468594277
0.7296634489
0.857742838
-0.7449622899
-0.6922124836
0.2656949968
0.7300789088
0.4548117742
-1.632650533
0.1361705094
-0.3330456539
-0.5143979203
-0.5041147636
-1.458942935
0.6026047067
-0.4777426736
0.9797783408
-0.9333664539
0.148254823
1.13908564
0.06150625794
-0.9617253126
-0.02549842218
0.6752483649
-0.1564023531
-1.118522369
0.9171551458
-0.1425887483
0.0643537861
0.5710007252
0.07852476365
-0.7625238257
0.4401565144
1.023278897
-0.3780194918
-0.5498823161
-0.5144158256
1.030990367
-0.3426868633
-1.585427683
-0.4819860513
1.114909701
-0.7366655859
-2.057181864
-0.110148581
-0.2473791201
0.7236023205
-1.475312869
-0.5769430493
-0.2694583108
1.82321623
-1.187548923
-1.004617861
0.6129021098
1.161062655
-1.149242663
-1.074771619
0.3188176241
0.08100719848
-1.575605656
0.5660153281
-1.658340154
1.366421432
0.2847026069
-0.01951944
-1.025668525
0.734647939
0.3583613013
0.09233268615
-0.9849470309
0.005139013333
0.01087324302
0.6335532341
-1.045648647
-0.4302249002
-0.6194259676
1.862632761
-0.7228388753
-0.6092551951
-0.3033896279
2.025968355
0.7181126265
-2.657312709
-0.08563155803
0.5405156713
-0.583452399
-1.77003431
-2.471640978
1.66093469
-0.1712378335
-1.315299628
-2.432767408
1.056738116
0.02219980369
-1.062718573
-2.974256404
1.047807193
-1.322362936
1.439736847
-1.464796812
-2.130047499
-0.797633331
2.197465484
-3.270442824
-2.059760402
-1.944724902
3.390963229
-2.36746528
-3.505041701
-3.66938556
3.544629045
-2.571524526
-3.044410012
-8.974910998
3.697462407
-0.5146808296
-4.333965209
-32.279712
