807852.1864
392975.4531
140327.9702
74044.42895
102701.7387
17790.16526
66934.8809
40041.28479
17753.53118
42428.72063
22597.03739
33137.43045
32108.86311
8162.268736
31214.33834
17719.231
22268.6047
22909.3203
4809.789422
20857.04649
27353.46583
19973.95031
17729.08561
7439.520479
11730.65501
12888.46222
5143.790635
15033.17771
11173.57438
16961.17213
11526.80073
5396.982383
10554.9299
8718.051546
5410.282657
13276.67364
6613.309268
22868.24685
4956.658713
10214.4435
13133.33025
15808.85816
8395.594641
16151.10475
13757.99358
15060.35671
3509.865088
10154.64396
3150.406238
6565.721383
9747.912423
13311.38368
15211.30042
9674.162331
8396.438186
12133.72366
4073.631666
2973.895568
8300.332334
5048.478618
16584.71104
4424.188086
7192.759357
6049.911531
12180.39787
12460.3453
814.4349325
1574.782244
6297.612737
4638.617023
5918.377696
3920.669691
2263.313521
10518.90614
10475.02447
4881.955451
9903.06431
4652.516874
6174.050488
9801.169855
2359.938177
9702.991132
6619.901858
9046.196112
2937.200659
5083.426924
6094.240536
3446.011718
7527.311092
5949.326439
1306.030406
6397.806532
3060.506497
3540.15429
6781.361649
5397.597266
2289.019416
8861.921286
5650.302991
10655.57734
5508.365661
2744.947534
8621.682318
6460.387567
8716.017074
5130.4501
4729.312025
3524.532532
6684.031211
4037.567523
3152.006038
7605.91608
9326.613634
1786.910252
7424.275399
4308.341858
3634.252242
6335.668379
5253.14096
1360.761198
4135.70451
3538.260978
6401.734736
3119.932176
4638.339063
948.4607047
5562.598689
6200.65272
6220.680982
9414.50999
3453.828629
1198.455323
2021.469073
1572.882218
3041.442997
10242.23001
6265.390826
4422.992266
5614.154667
8821.339621
3024.733955
4511.723861
1616.295564
3736.309101
2762.340787
5789.131249
4485.499898
4813.068933
2988.553336
4435.2152
6002.344212
2982.135621
3496.704203
6293.398225
3358.818632
7287.436301
4102.29917
4173.225078
4198.02081
1572.886765
6034.362176
3866.985564
5746.041276
5946.105562
7104.075103
2147.644691
2585.296252
1668.004853
5292.865706
5555.764552
1726.150416
5116.805949
4185.416841
1869.635017
6758.248206
1531.712155
5299.545122
2628.639485
2057.726804
5224.70957
3341.096759
3541.284773
4447.55649
6409.163944
5354.112473
2173.694244
1618.411502
2351.632843
2010.306822
7227.803421
4600.161637
2498.670231
2380.053647
9013.918109
5231.339002
3958.927775
5911.121391
1245.132258
2011.997918
4550.72176
4647.272042
8006.115617
4876.848893
4967.953672
8176.608826
3718.035203
1083.104928
4671.480969
3652.749111
3786.335214
1843.193687
4139.288506
5651.354488
9324.473208
4433.097065
4708.471901
5504.351735
3504.451588
1816.798039
2181.513739
1806.075783
3639.26068
92.36943409
956.6425223
4917.888136
4910.916884
3340.803392
2377.145256
4200.839061
2302.434812
6889.721148
1437.141542
8455.749937
3625.404468
1971.434643
2097.526077
2035.874084
5084.635088
1773.164737
2955.761816
3689.681468
3121.17131
231.7144852
1480.180437
340.3059319
2291.452062
1397.291316
1735.503042
3235.10369
1339.914724
725.3485748
1641.052634
4604.745
8394.235705
4784.026895
1998.546607
3542.533361
2726.969346
3367.929901
2118.677534
2172.668973
1578.958229
2555.725896
6316.888718
2852.454381
2795.013508
2409.434428
1558.184357
1596.565421
1753.64254
5608.191288
4833.696984
2874.362026
4190.150677
2536.541126
2741.080499
3273.571485
4792.925149
3610.147747
2077.669347
3959.080808
2451.335148
2404.406082
2483.687399
488.2828518
1232.929749
1684.336846
376.6896035
1146.91143
1954.755754
3968.34761
1302.500735
3911.676792
2244.356405
2337.884955
4221.745043
6802.060756
3137.045264
1095.168858
3513.374153
3531.635206
5762.204929
4587.58849
4813.976766
3022.503241
6648.178009
4242.518689
2989.022393
1458.86409
4718.950552
3091.626517
593.2077593
5085.697171
5385.293573
1186.641474
3436.147792
1219.346789
1677.812457
2668.131977
1697.760112
4274.417033
1150.369681
4919.247449
818.0721786
3848.330516
3637.106769
2031.175187
3025.379846
1834.321636
1042.680864
2245.6889
1209.302359
3559.232186
218.3801169
2494.408758
2894.062348
4492.024361
3467.444216
2248.937082
1978.569817
1866.554077
3817.426763
3778.37396
1984.778038
2528.937315
3371.351947
5258.053234
4261.059345
1185.655156
2350.768363
862.1639066
3107.975119
2998.947526
3179.738798
1280.441748
3843.783219
1250.562328
610.214915
1670.001986
1075.946156
4659.286999
2916.531644
1755.935958
498.2417237
3512.433642
958.2589881
5242.962522
3754.100741
739.0089674
1401.639489
1774.535437
704.5397246
2088.996764
1049.68718
2763.748665
1346.003307
2406.217274
248.4603997
481.6192103
3008.221454
1660.667845
1809.847949
544.7605397
4056.769902
5501.148524
3130.746937
1329.936907
3403.24498
2915.341021
2449.756866
2027.286006
2339.617186
2460.328224
940.9063441
876.4795105
3429.218105
1256.606994
3378.266575
2164.498687
1179.146271
1305.026475
1513.916996
1000.890531
2304.633507
2973.835327
1979.279538
3110.035667
576.1240137
2286.521255
950.9687124
1167.396984
2769.600032
724.7510283
1738.744946
1577.016207
3260.98259
2828.243616
1514.617051
3118.2552
1744.449186
493.3851913
1215.948787
1536.035668
1758.008312
3622.366716
4410.004601
2298.73007
4156.312533
2693.561767
2063.128809
2928.825336
2631.039695
1400.280329
3831.116087
139.5596296
2910.241809
2006.201007
4380.071046
1436.472338
1770.627317
983.4326912
1520.153433
1074.555809
2284.938896
2963.498385
2723.303214
2815.381018
1898.073603
3078.871602
2763.585706
1029.36183
905.3832513
289.8499678
1304.661889
1958.318461
3614.295751
6440.704641
856.5162749
3537.454772
750.8832092
1756.110265
2171.140764
1517.541832
1374.446629
963.4150396
1022.148354
1538.328712
1664.032077
997.7256101
1585.226223
1639.26763
2660.141778
2679.674341
1421.035934
2567.893251
1645.766271
3988.165632
939.7696637
2841.53663
542.9425343
274.1271661
3099.743166
3486.413765
948.7592857
2331.785087
1860.439734
3406.608053
1187.300851
824.7841035
3492.369751
1485.17106
1168.449586
2064.073485
959.2945249
3881.943545
1381.279677
2089.520761
1726.321395
2338.160957
2223.848454
2670.803049
2367.125582
1312.181743
774.2353068
1465.731841
400.8037219
1086.484352
3037.483994
1504.277368
2551.200272
954.4362659
1208.75284
1279.026477
2236.576528
2822.221571
1340.756601
1224.803269
1640.41913
1082.583814
1746.634027
1054.7803
106.899148
1071.414814
658.6261877
1057.165113
1611.234248
1762.643192
2717.617272
537.8663724
1665.980633
651.6791255
880.8424405
2011.588348
1220.183878
753.110719
816.0772707
503.9246082
737.8552333
1216.331701
288.231964
2981.578476
2342.044853
471.7947893
2021.393983
1272.104073
694.9354219
961.0917447
1059.151152
625.4527536
1769.536804
3261.058709
1044.365318
1909.590204
2402.169626
1072.381343
1789.439563
1711.685896
698.7723111
1167.333186
1371.089831
3324.006306
2448.855878
1024.040586
684.655847
455.1611035
568.452626
1059.599271
2353.980059
1307.861336
798.5796245
468.8373378
1371.474093
788.7509838
707.0194022
914.6605151
1637.464129
1884.038531
878.4153128
595.9216762
2058.62892
1794.628535
505.0085435
1053.853493
503.2510535
1452.597219
550.799317
1775.808191
1318.488912
1001.772309
402.7817215
861.210419
1043.871016
1227.065416
1010.000882
405.4693451
822.0902307
827.2872779
906.5330267
1093.020555
1103.941717
1071.987295
259.4316189
430.1467005
517.1906223
1371.295851
1348.246996
652.9116461
465.3415799
1190.930993
808.8070165
1556.840167
1181.953685
2334.668271
1581.958335
287.7292012
559.5465162
408.9819664
1463.483257
1182.313417
349.0271538
1072.936633
410.6774908
1047.045857
447.1583193
313.595552
582.3856078
964.4317816
824.0210069
1506.680399
333.6541346
847.3738968
1338.001194
1713.759013
699.7992946
264.9890692
1077.696847
600.8624725
1181.74914
1401.579162
746.173724
593.2597699
1386.752868
1199.501083
826.5593698
225.7923733
1192.959946
1415.19028
327.8322791
992.6706168
259.9728438
895.1101101
724.3262732
924.4578511
866.1876765
725.2485953
1266.453808
2092.176921
427.4281814
301.000376
1290.630602
967.7282818
1649.793376
322.4888858
991.0452654
479.3943026
373.5162044
915.5955641
978.9786234
292.9167836
1298.91401
775.7032253
1441.986133
2260.377303
1872.269779
1190.840875
491.1936747
590.3425744
950.5376379
1322.996963
1531.371091
2217.958082
1994.484667
872.8257596
74.98760109
565.5056087
912.0003864
1151.062785
1294.573373
611.1084503
1459.522889
743.0694628
583.4260018
658.9417395
472.2634229
953.8752907
461.0707341
736.2110577
312.4871947
905.7452393
718.7307073
1338.311826
643.7729207
1893.715572
644.8735303
1291.81307
740.3045923
639.5959575
1177.71949
982.4372299
825.0520148
876.9176892
696.3690773
1140.06541
1905.047319
1630.745326
2009.996522
848.8292363
1548.554891
1135.836919
1274.20458
1258.727231
436.9480862
1525.148984
768.7004282
1558.132325
2522.539074
1014.802471
1411.06357
222.9653344
1467.282143
371.7832916
559.4000318
1281.92913
1233.360434
458.7169154
829.3914818
568.9760842
555.0673768
912.430567
822.4095861
864.4813857
899.6383368
1146.594203
290.486398
144.4529355
871.1959425
213.6257064
732.9470749
640.917525
1523.326374
1783.7919
530.6617307
1175.690545
1574.867123
954.5850505
699.4173569
2120.24913
1681.161882
667.9274595
635.9171098
419.6584033
852.0782785
716.4471125
971.9030253
1414.14658
1716.434177
1245.859814
874.0728313
881.5327218
345.4687461
1315.080632
1654.832458
987.2868466
584.7955709
581.5371826
118.8000796
653.9560945
1185.391084
1632.04411
908.7821205
304.2902392
917.3239606
1313.259303
1468.808218
1896.399371
891.5915212
239.758078
1852.058323
982.1683909
1658.951947
590.9015359
653.9682251
447.009565
543.6090276
2108.946943
880.499034
1344.413921
634.4785418
1332.61581
900.7280461
1388.414877
469.1143048
2153.160836
1339.808469
1587.729926
458.1830098
785.3863684
895.5093365
1477.093498
995.2121819
899.5454344
605.0944094
461.8100666
431.5079566
515.8723987
1127.911013
634.6597833
1498.409288
638.2919814
791.2082722
1476.28914
929.052104
2597.556693
1074.299766
931.4982152
1419.077985
634.1846777
614.5061486
686.1338673
916.6281675
1671.34916
1722.955015
261.3023182
1580.982585
1982.178258
1739.357643
1604.520636
1688.61869
1096.444243
861.6886425
681.2867857
479.7742809
1008.974923
1008.253076
90.81152126
1465.960823
1174.511134
727.7206033
1047.345351
1382.160268
2049.218119
1549.211582
2206.214339
553.1927055
2458.615249
1557.538816
526.8119787
1081.218893
739.7151742
821.3740882
1322.68187
1410.591269
1246.395627
1459.952641
1204.182986
719.9609917
961.6855274
671.9259649
1648.71538
1380.657584
1013.331415
440.7999337
928.9502862
1594.125365
1156.90575
1432.139687
640.0046503
759.2125915
1393.493466
898.7301874
1018.073141
1181.470023
973.9190219
1672.372404
1214.765604
638.2445714
1074.753293
775.9469546
777.0448057
717.4794023
521.5823817
1091.257879
1418.763312
1509.067282
1355.394786
1398.833204
1182.529074
2445.17914
1377.743274
1554.932422
2973.981904
1984.939964
588.3879737
1442.329478
2789.304651
1274.952591
479.9896706
1383.478711
879.1613919
780.2569594
1200.285638
1550.595453
2088.295342
185.7590182
924.9175526
1481.293401
1361.841649
2707.086061
1087.477025
1314.439532
1320.974204
575.2472453
702.513569
1228.499113
635.6263486
2654.270913
1939.58917
1447.875116
1653.219553
1540.946449
775.0471943
1419.952632
107.9331164
1742.094085
758.7804243
54.27588176
1737.74057
2209.174808
533.9473366
73.67347497
848.644225
1357.323174
386.9616571
1321.691429
1390.426884
1482.336545
815.4486495
1072.47497
1668.828791
1795.316067
1623.122447
528.0378682
2171.015005
879.7296146
1779.290906
1123.234792
1044.030018
103.8909293
1904.151025
1085.841206
1687.521127
1522.881621
465.0678989
1520.40449
1526.852192
1217.493036
662.8683647
728.429583
726.9488353
1245.683905
909.8952889
172.5439258
660.4247149
888.0765099
691.0203286
620.5848703
947.2460773
902.3312896
773.1291004
515.8955385
1274.373006
979.2907668
697.4838982
1383.252773
952.4967343
1081.237608
285.6250668
2011.067065
1160.775109
1905.276375
607.8816563
1102.589252
2617.652471
2101.525919
796.3321151
1180.111956
223.9502666
290.3086691
1064.108397
767.9841039
679.4591215
449.9900936
523.8026337
958.3933327
2531.433457
1616.670271
1252.157685
1786.289532
1288.492694
1431.564781
603.6829919
2160.06147
1543.549135
771.4036199
972.2388507
1114.874447
638.0977734
1072.84517
67.33492647
1950.256466
1024.434671
771.3467236
522.987015
1771.480052
998.865093
354.8467989
1062.311587
789.6157731
344.9067936
516.070214
1030.958515
617.4980069
995.8186487
1181.769722
758.7159687
628.1923322
295.0667454
1050.698037
359.1378945
1211.583365
301.5107695
593.7959444
1414.02336
1774.292425
849.7789154
1091.416637
440.9370185
763.9365103
1731.396586
266.141445
1308.260968
526.781919
1492.101628
683.2885195
304.8325875
302.9361153
448.7954346
215.1542719
676.2675274
1328.385305
1279.946948
895.5948754
205.5701238
972.0295496
442.5702475
392.61931
562.6453095
370.3817679
355.1415641
684.6466294
451.1954486
579.7732086
623.8811122
1326.092667
652.0800062
558.6251357
690.4189406
646.1472605
937.3426384
611.6807166
1490.654872
1146.362978
637.214743
286.3086193
212.8055469
785.6402906
1449.148497
1120.532029
1111.383639
223.8794964
484.3617011
504.972822
1172.678421
1117.75674
375.9963465
1399.063364
1180.455562
465.632422
681.072863
446.3271811
686.5519994
297.0064119
876.2699317
392.3826758
664.3960963
464.3081137
893.1308129
465.6397309
1119.89479
679.5366338
383.9750054
1024.925926
735.1056554
934.9358119
742.9573041
444.1300386
643.2532658
375.7624599
923.4399502
666.665462
1174.764012
1250.62844
1062.676968
414.953281
1121.236564
824.6211271
2130.519126
675.2828229
289.7605083
780.3578923
887.9248409
1661.323669
965.6935125
1048.137998
726.0750719
914.109483
945.431696
791.9936164
1008.302279
763.8270704
676.8210192
671.9223622
527.9179761
304.9412263
543.0886064
592.214213
801.8602904
389.8243133
110.3109778
1101.796918
190.8539004
1157.232416
577.1784762
267.4501362
757.5942421
689.0797228
309.2167166
1588.656861
1077.770862
881.3472657
745.9016961
991.0591771
821.2202035
890.3004783
691.9090694
592.4594959
1496.966755
1009.581345
344.7391195
793.8026217
685.7210534
1161.525108
1319.009919
1071.191446
241.690197
778.0353354
547.1052888
930.3272062
383.5224706
910.9995074
586.6867529
417.0516877
917.9755085
795.3450641
444.9798676
343.3015108
1226.594399
722.683612
763.6225415
1130.190577
321.9148573
672.7804728
315.8198338
545.6704277
244.5081243
862.8350724
198.02344
905.8651408
1237.433955
567.0123243
558.9845149
417.8716195
99.65495431
215.0950263
192.4876407
239.1600818
495.5539766
304.4481045
727.4763596
796.1620467
189.0060386
491.6426278
780.8797515
638.7706833
402.1714312
238.6212198
503.3284075
961.6415295
974.8329875
404.6305644
845.8984453
903.8621133
83.07708312
1015.015277
1206.654623
600.8105722
365.8806348
169.4895328
420.7310111
415.5528146
114.3119462
689.5076461
284.9349093
514.7010015
531.9534789
765.5699162
367.6928805
274.183567
908.163825
513.6702141
688.3679142
1313.654437
180.9981678
940.8691374
255.6432201
451.4437757
434.4710706
311.2846935
843.7132508
967.7625238
250.7102959
112.3815986
317.6500972
695.0436177
862.1189204
508.3059581
809.8535578
462.2149679
477.6305378
629.5364411
405.8183928
201.5776611
49.60689979
145.1272387
410.642108
416.726614
120.9592948
392.7778418
380.1571154
227.0287456
831.8415072
710.782561
269.1861127
363.625771
632.67742
288.9580194
638.1732272
729.6164625
902.9426991
1093.127901
1138.3691
597.1584671
394.4792173
473.9356074
553.0699057
584.3727898
600.1972297
259.5038013
667.3906968
1114.365554
596.0233535
214.4346282
317.1893889
79.14989692
535.1913217
545.6809095
497.8363073
928.7279878
1011.83831
973.0646257
119.4384247
780.6757052
861.6537725
755.0828572
472.2163295
295.8313142
778.1647027
631.6953203
128.227507
820.0485844
616.6402655
631.2363492
647.8177347
305.1228277
548.7649888
746.4628412
1313.325652
762.4845356
432.8438443
297.7699696
237.8614833
316.4519846
433.813628
538.6745296
746.0325493
1032.145632
805.2821671
241.3522354
111.6452465
757.4431266
667.6144026
639.1159488
376.0873844
620.2472536
703.8470531
193.0045562
601.8339434
383.7922008
603.2991183
139.7117571
743.5744011
379.0754418
392.8523018
361.7880954
417.2488219
392.6775526
87.83084409
450.0528498
302.3641504
1058.765595
420.5126362
243.062137
691.4434234
765.3841307
214.6441452
494.8446275
464.2130033
188.5707645
823.9170627
150.8932465
1067.183623
736.2028789
1058.825537
1164.280597
279.8221789
293.969706
800.1888766
678.4847585
157.714255
440.8274018
139.2250659
147.468351
159.8788003
429.4588832
591.5011515
121.0127401
400.8157579
502.0387814
664.505815
743.1112054
248.4887769
219.1249008
621.9267116
820.8180636
760.6434113
436.833067
344.2092986
403.5856769
728.1607954
817.3044953
718.249182
483.2669935
352.477895
955.1789027
109.4919227
908.6264895
406.8853426
261.980081
273.7690071
306.6459551
604.0059003
828.2144015
545.6119611
1446.641332
1072.77382
212.2846409
190.9023508
196.634666
135.6405574
346.6373089
710.0883916
665.2271467
290.1745811
1089.431834
852.6425215
361.7560366
771.2843644
467.6000845
435.2825589
360.905771
241.4883835
842.9212448
526.6605481
651.1175007
204.1227428
624.4854614
126.2081913
759.9940247
630.619082
385.8393483
576.5891102
425.6083238
936.8890302
641.5554724
659.4473618
342.1678312
1101.362534
1057.680243
898.9574981
454.8408708
401.0397687
273.040274
342.6494862
734.7334727
678.7757564
392.5206713
417.8227141
303.9832418
996.5472203
533.9120812
719.3000463
501.6890585
348.480072
620.6894851
513.9918221
1028.588981
1339.365716
637.5534366
368.3151122
659.0054548
604.7361956
544.0377948
859.8277904
900.6109553
244.783504
448.6273033
427.4557311
379.2891115
244.149132
669.9513295
743.6511779
553.388127
505.9522025
384.831214
445.0638435
300.6741415
182.841855
720.2430385
715.3802334
392.4470495
85.28323195
595.1536037
632.217779
112.669365
210.747123
367.2323384
301.6222349
126.9764026
200.9389948
799.8177354
213.5868084
1097.287669
886.9557899
1206.419662
352.3607366
867.0487691
568.186312
710.5892678
55.91905763
317.3568117
608.2668596
362.617451
773.4060753
552.1017641
430.4626038
296.4390265
822.9173224
627.6886348
1118.814081
648.8568697
543.334508
403.6715854
698.5255497
1074.588454
372.2425963
1001.534274
735.022756
455.5181094
308.9597108
969.8518486
125.4420078
552.3060568
818.1687899
1380.077558
995.5431119
277.5437369
973.6068977
254.0613027
581.7505584
648.335022
474.4244828
783.2832493
719.5062867
616.4511637
605.990233
398.3038599
1161.476773
1036.608746
515.9285593
599.4903941
917.0717197
346.1209488
689.4114494
345.9963366
210.759799
384.1230973
593.4246391
508.489363
504.9778406
932.3633517
1206.611071
330.5455509
847.6406999
875.2642922
731.2593732
306.7255523
205.3571685
390.3187205
762.8400861
498.3742384
1039.703481
387.6459524
1467.312933
861.0604726
416.8179434
491.3484128
883.8708672
394.8577273
162.4670728
313.8246478
269.1114263
483.9173839
1210.464323
963.4009533
1150.032595
617.2535377
924.9161505
361.9189461
96.91881856
713.3997282
741.8885867
421.781927
983.7604212
789.4974058
406.9260448
354.1534033
398.0075199
555.3514279
290.7099827
267.6433377
372.0518859
1092.299324
836.1248295
623.897842
274.0317275
346.7080648
389.1525841
574.0240504
451.8230188
605.0107896
652.851295
365.8439096
643.41304
692.3946467
611.3824199
813.5792393
381.8789404
541.913117
482.6636804
516.9592105
247.1944461
348.7330712
339.5542131
1211.348181
808.3061476
333.8036864
115.0674091
551.3012599
112.0497566
875.1657713
910.4516845
681.8034228
690.4935989
454.5172316
290.8778848
192.781099
698.3618104
1000.114189
528.0684507
355.0442264
206.4927856
388.7563926
325.2120386
224.6453212
836.0917429
819.6504714
555.2903127
742.0109447
123.1811138
721.3152581
599.3735271
1104.739084
177.5096472
1018.602677
175.6818207
358.4767175
280.2528541
383.8629816
227.3400539
394.2712151
557.142244
538.4076178
155.5569702
174.7557337
771.6220429
653.1083371
68.46902515
218.3509091
577.2257086
809.3481156
261.2634595
406.4458952
594.3356941
584.515057
457.5366518
1388.677122
1081.794064
549.6629582
418.4552888
615.701859
495.7341971
25.38296899
364.251998
1410.966576
933.7490577
766.1466048
1012.278597
1474.586413
1444.57689
453.9541115
262.092394
420.2053699
620.4889842
722.5857007
708.2059077
622.0391694
822.5067738
772.3190803
141.0541673
354.0685391
696.7908331
960.9202861
240.0205772
828.4894294
76.86053007
506.9375686
1003.678076
489.5088752
615.8121842
116.2850415
1036.409001
471.969799
480.4380703
224.0666804
586.0089649
904.8299473
366.1846196
624.7738289
1017.807439
384.4003816
1371.096873
1124.527912
477.9184602
442.8142814
788.5069173
730.4544315
218.8866844
485.3187192
130.0191908
635.1904779
484.4442405
585.0049679
641.6820766
601.1924494
537.3794641
378.3085034
320.599937
644.9441554
380.4033737
649.4553472
351.6727278
313.3636548
663.4207544
890.0774432
34.59828238
741.5693156
572.4304033
284.0634572
783.6462126
762.6867817
64.19943424
576.7190854
659.0460507
166.3222577
1038.238672
798.6873224
245.6697111
838.4921451
744.3720889
577.9973711
1157.568826
393.8482113
245.8676097
453.6283729
597.7990728
582.8376481
286.8462731
780.0385737
758.7683566
199.2246275
702.0193506
386.4978114
825.6366743
821.9809075
556.8176538
768.6445978
590.9160452
921.2716545
761.3221844
751.3240246
693.0991168
549.2617387
206.2418978
865.4667154
591.8741033
705.5767668
984.255223
65.21355077
730.6743169
155.9559813
545.567317
440.9097873
668.2300862
362.8054773
227.7993211
593.5410952
511.1547015
804.1166425
1012.460111
1353.429587
720.8364186
394.4067613
380.846271
1061.862306
754.1031041
997.2469539
575.2745239
976.4805221
818.9958943
665.1288739
754.5962203
734.2301017
473.3907043
698.0572063
758.1023805
34.47258984
492.8803662
886.3529131
1006.077606
146.167048
43.38737419
165.4751977
132.3515381
243.9994948
699.9832924
787.9389524
889.35108
135.5049732
152.0292397
621.4149994
865.316168
549.8597717
665.2247281
189.506097
785.8820811
563.2609295
1023.286547
327.6607195
221.7610208
450.8741248
314.7117944
233.8754117
489.4219877
396.6290442
564.8280204
468.3951891
455.9883423
487.6674606
311.7549886
137.0044108
726.3263666
344.0055622
328.8645111
178.9076234
406.3726359
459.5627023
390.15593
255.6502797
550.1457338
100.5489646
195.0069115
156.4561211
298.4749726
558.2613699
418.6805601
673.0332382
479.4141561
447.8238125
819.5840975
610.5386894
626.3267244
363.3937088
132.1926136
580.6277654
501.7142206
255.9895979
422.7574877
117.0716814
450.9859641
31.21901561
435.6350025
142.129425
350.9207786
937.8149515
379.8442386
280.7138596
360.6209503
627.8171146
426.2774402
455.5176605
574.6435231
827.7193488
493.060072
245.7918579
716.7477758
663.5771167
234.3450965
566.7745185
251.1394684
558.4198085
203.2569242
786.0720997
416.2063908
1222.482081
500.0314173
223.7270019
649.3669118
613.2616444
261.597151
210.3949274
513.6140355
596.8219867
180.7664298
350.2775108
740.507258
364.5161653
498.9939724
10.30623067
363.1975614
249.3158412
243.4806616
304.0669574
662.5201143
781.4632245
351.7534181
178.5595495
689.2397486
41.25381721
500.4199962
249.5100431
365.9724969
162.4451336
81.7350088
359.6437405
693.4109373
841.0169633
555.6661564
174.7440445
290.6527024
76.29128621
457.4702773
263.7012419
226.9719061
187.639342
176.4603699
379.6633316
500.7308883
695.0027547
246.9461913
408.300843
332.2904545
414.1669812
573.9774564
532.1089272
534.3040117
619.9761122
471.0530362
632.9370336
884.8307084
862.7638287
329.3132802
308.5016439
258.5221247
302.9229681
311.3910101
563.013195
496.014954
475.3835517
321.1411617
353.4161521
552.6228894
305.6815113
226.2492165
618.8293937
215.3582566
380.9723438
176.7630791
341.9642998
230.3452032
175.6743365
601.5523692
337.0260267
421.1520954
669.36884
510.0327898
283.6614605
192.5171019
352.5223557
192.4417326
76.77611844
46.79851515
87.2830288
228.0632674
387.5144421
446.865439
345.5672826
207.0581296
221.6057167
206.1677429
551.0964411
338.358777
423.4814142
315.669898
420.8015738
139.1098903
105.1099997
287.9981349
708.2341896
465.2080219
219.9147364
198.6606595
377.9968009
103.2016238
190.9853666
680.2968286
322.7270551
500.6710492
480.7027084
706.107108
228.5617315
341.8322203
305.829291
362.5247793
520.4838568
329.7076186
263.2779765
238.1126064
270.7739555
134.7408955
157.9666382
611.6695031
451.0252394
346.9426829
333.652374
703.0775799
151.8134334
420.8858738
696.5402703
739.4201519
111.915616
571.8327384
496.324662
393.5076469
588.7363031
71.29127141
322.8442143
159.264362
392.3728925
114.8849918
98.14334082
560.5175575
397.6751407
93.84944906
293.2970684
278.5426842
578.7425837
134.1222078
529.8185325
59.46193924
525.7873711
312.9262143
331.7611376
402.715235
503.9268221
196.9707722
765.2421952
314.3946889
389.1995753
331.9732712
389.1901525
849.4428143
255.2726632
467.7755835
445.2815354
657.2552092
354.7251576
538.4189851
292.4976719
430.6815871
144.2045391
214.9372775
511.4524531
229.5001322
396.4814782
207.2070223
550.7914605
277.3398734
625.4408686
162.9779863
857.5192025
787.8420145
266.3349633
382.6134282
253.6769369
68.06565986
426.1764823
113.5452261
171.1692748
473.5294666
149.5114779
276.6226461
155.4731173
306.6915527
193.7226342
119.222145
43.86784502
530.9356103
449.949817
387.8787785
138.5508925
168.649581
838.9049134
837.3391076
230.9578702
302.1219318
165.3170923
289.6914819
170.2964225
217.5578556
590.8815002
187.2894101
520.8313699
265.244543
271.9341727
295.9680742
462.0969344
488.423434
588.4284452
506.8497496
433.5813991
672.2084204
663.2889758
252.4586262
632.9333387
478.6598683
316.6697828
100.167644
173.4939633
91.08752997
277.9686987
22.6605264
456.5351053
401.1804873
219.3637064
572.9518718
320.3558508
186.1576546
196.9984086
427.8206084
80.87977886
483.5916661
608.9079117
1415.075186
279.6462187
1041.168598
468.653999
486.5395792
747.6535268
519.1247898
650.5699932
681.2470215
638.2897611
267.9988339
577.5497103
504.7766873
396.765271
372.8591869
558.3216475
293.190589
369.7312345
589.9508359
216.0444935
376.8775767
435.0958862
579.4844429
127.6527932
552.8980184
673.2996292
201.2464068
288.5577012
258.7232451
191.6099113
349.5212455
248.7255416
164.307008
80.69103984
378.5788658
77.45238088
448.4839289
81.62478449
364.1034628
218.0070574
485.0676501
402.4848083
345.4418063
392.3178857
169.4705569
621.6604116
688.7795325
550.3169451
524.6209107
284.1047415
241.2260586
436.2527287
308.7288949
213.0310101
144.7581544
307.6101728
403.9571511
71.38454034
158.0041965
450.3567536
324.7165755
371.9063413
397.8990331
560.4329458
590.5554838
554.5474655
375.6399731
700.6601158
210.815935
608.8640248
374.8520846
742.3770006
281.2483023
735.9759346
329.3398609
221.3354327
379.9731234
399.2867576
428.924141
286.9231046
293.4825375
295.2839981
340.2121709
492.9855078
700.4810484
689.3105488
605.9370688
872.5730817
204.0428223
156.4634466
269.8439256
581.5473567
560.4569944
481.3994967
96.27335977
843.8345623
255.324237
860.3062219
207.0210997
555.1927596
406.4931213
244.0691583
611.725025
621.4965864
885.3866782
744.9391938
61.84958464
444.429256
261.5496031
172.9353954
317.8429538
304.7873114
577.0202341
324.8767699
130.4810013
271.1350093
680.6831036
263.3583525
439.2740247
285.0848607
562.5382497
349.4398534
644.6939867
526.1265402
98.03345092
150.714889
625.4705413
487.0341631
772.999536
438.770137
223.6852304
209.8756697
475.8271549
307.3208915
589.3070851
654.266483
786.9032466
475.0002737
53.2665911
497.9398269
306.6272435
333.3053304
576.540229
864.1799427
398.5090443
1116.201567
11.4389933
1121.335942
502.0797392
1335.334614
522.4528469
764.5753227
615.2121662
660.1484016
541.8192598
370.3092361
577.7173856
442.7256581
628.4321955
934.6087212
715.6065834
472.9585754
551.5236218
419.5412653
877.6957959
421.0264988
570.920872
268.6822441
91.99033025
278.1905582
290.9985807
351.8251528
130.8100009
97.39898948
389.2651752
169.1990046
620.8664758
615.6265804
225.2112807
321.1239824
418.4635079
615.1591881
150.9553119
638.8349681
140.0262419
645.3975919
457.297844
638.9641213
844.8184588
694.7865929
581.6506779
592.5473997
134.9956623
480.8067349
110.2988918
333.9419901
296.1132867
393.4349119
720.8232145
405.3119882
448.6048947
702.7291512
749.1522112
385.3426254
492.838712
504.3412876
239.3906935
243.9510748
374.6926292
193.1342968
291.3987791
180.0895928
158.5846734
494.6493938
464.7962704
29.92163555
192.8622796
613.9803138
243.6072932
392.4973016
474.4003146
695.2026319
558.9325752
248.5915467
839.1456607
766.9828404
418.0583219
631.2860385
216.7474066
690.8194365
300.0686732
736.8765218
552.0746908
169.561483
338.5415243
556.3046939
119.4134871
520.1819
838.0396964
769.7764559
139.1480762
661.4280837
495.6909483
124.0398137
376.6583148
444.8207381
357.3232928
449.8127527
359.4524022
275.6843732
260.3242608
472.6524499
170.8485986
688.1758013
963.1105122
584.7767099
416.209808
321.4096057
416.3468167
705.9040996
242.6837572
107.8989421
405.0990061
141.9409773
518.4580085
443.5519265
238.6752803
758.5877921
611.8026985
320.672799
529.7960831
282.0230264
54.52982169
403.9386954
383.8585002
544.5714955
160.3303953
398.8857245
353.3864086
685.6125917
699.6335419
81.57174435
541.7338764
561.5715656
517.6741755
568.3359655
633.9422862
811.9015257
367.8714602
267.0895515
724.1537439
788.544059
357.7549406
261.7277701
420.7409945
120.1385398
326.4925726
298.4830726
551.4288585
653.5526505
466.5324507
422.9923714
616.2964531
526.2879358
87.1761116
218.8443079
361.3407082
372.7406675
312.2167618
649.0394343
351.4187915
816.5992836
206.4277735
544.8541728
305.6632659
317.2242091
421.8958541
329.7872571
554.6748973
332.1461844
211.6491989
252.701703
292.8293399
217.145668
86.33689751
237.1471944
202.8518985
168.2107565
240.7891545
370.7039942
589.638668
229.165543
606.0888603
162.7113644
517.7460877
457.5134356
447.4714913
824.7032246
622.706218
501.76578
268.7192389
685.6575596
781.7881937
1020.362392
141.240207
269.2036271
646.7771702
191.9116143
531.1261742
392.424744
305.1068846
237.4131428
334.7507076
225.5119594
58.82709351
182.6521888
129.0826935
426.354
378.4794003
86.63632113
602.9704781
418.9505999
539.5332152
497.5761645
423.415497
280.5068005
539.9110832
675.5224421
604.9212954
176.5646183
275.866946
552.1607767
411.0611129
971.4872013
934.7178066
334.0122146
258.5972133
831.7762769
466.5508975
526.683703
309.4099732
154.0353331
70.34350476
334.2497241
200.364625
113.9248903
206.030332
179.4199284
453.3440286
314.4198332
238.1963915
247.885558
95.13144282
366.4038323
172.6383615
44.54473534
286.3840058
331.7892429
524.2065367
351.310103
101.9798276
344.2112617
67.22934637
538.2632708
268.2155048
193.3154184
262.7186225
163.0168565
431.569347
349.9538465
521.3690473
462.2600354
705.5285255
517.5930786
544.2013115
745.7251141
238.1000466
453.9770164
86.55659362
172.8391728
223.969812
53.86613507
433.2177154
360.8811837
515.2463905
406.1636766
474.8646071
413.0992798
257.7003913
323.0068007
280.0332058
467.8613219
356.092373
499.0355913
491.7154778
781.6128514
93.38845085
413.2493581
391.2839939
318.9679868
181.2519109
248.9412065
244.1033877
141.9859797
98.06388578
534.9816266
416.9568533
351.358585
391.0054818
453.265376
474.9329269
90.97928388
98.54590533
224.7289234
251.3504704
322.4963626
54.223957
409.579107
414.6447658
297.3995762
200.2066457
346.0689982
239.3169228
288.6589476
311.9235409
225.4606154
283.8947492
138.0767648
241.9447335
157.4826408
140.4403275
264.6952392
252.7350297
217.833256
187.0522615
191.0576767
303.1005613
357.1589693
94.39464238
123.2561689
348.1212273
127.0792718
479.588368
227.301842
66.62734405
366.0847244
321.0601122
614.3197855
696.8690797
173.2771266
381.8557618
377.8924404
229.460685
326.0450244
433.7673191
149.2217548
425.6915854
30.83001178
628.5925462
416.9038027
59.70188967
152.6162979
129.4763335
312.967763
441.3872428
129.2044084
550.3126186
323.3750132
633.1033492
356.8329531
346.1703887
223.940221
109.6619923
381.9825556
294.1528349
293.1114011
200.3372861
167.5881586
235.9782666
78.18117756
153.6304032
232.8200677
461.35059
455.9187815
147.5147339
141.5269023
120.932242
324.246217
407.0263754
194.3368585
149.2025021
498.8713638
295.1572017
6.689996626
77.85602482
237.734892
287.2044483
320.859549
142.8379186
435.6061601
222.2228124
467.7657327
469.3086435
205.6626377
206.3456428
144.6508022
316.6301224
269.9234848
272.6987301
148.4717961
252.1656586
207.6955374
163.0954009
107.636758
259.3419621
457.7056713
195.498475
511.4685243
91.54785144
275.7296139
175.4622126
171.5419029
336.787949
360.6552903
380.0240196
386.2011012
305.178799
147.7063632
223.7805252
355.8134181
511.4883871
156.0022988
416.6169437
265.4933916
229.5291053
656.0691008
718.6550101
354.0784377
410.6064186
145.4391404
215.1148025
453.2046454
712.7248773
358.4192599
171.5177446
319.3616187
329.4112658
89.3594359
466.3586246
178.8478783
172.8256264
241.2235564
181.5149365
409.5160052
477.0537501
604.6496983
605.7389205
354.4430602
332.481066
376.4653804
364.7015413
200.4855945
48.10507379
205.5251934
188.3811633
84.34003924
487.3541557
445.247749
524.7663907
266.6894221
336.0754319
571.2159665
676.3461856
528.3243765
214.7054869
778.1479218
510.609284
196.6188647
423.3513305
97.10859799
401.7369718
164.1748678
208.353971
194.5077882
85.99754558
222.7803925
218.5574379
120.9857475
154.266515
324.9512133
118.371512
524.5971679
227.3536496
141.4657697
520.7472664
496.5542976
242.4699567
64.08077631
202.0942348
81.78346854
440.5994359
482.115023
71.49454666
193.7732352
246.1157903
194.5038591
424.2796893
274.9579665
290.0486348
250.4904887
224.4313485
283.3382907
183.2124794
206.9614854
229.6899594
72.12513304
113.7890817
17.41026713
149.2067289
178.400136
159.5708976
223.3941361
165.33303
147.3641655
457.7007331
425.4362718
444.5200292
140.4959869
209.8497958
304.2282751
477.2718363
333.2558215
376.2418323
225.490576
111.37887
558.7889793
82.44546001
605.0148531
192.3981069
291.7860647
270.201202
57.32529058
26.26521296
376.7222622
260.2910684
497.0511738
495.5509229
16.32393679
238.2772452
295.5699463
275.1994372
216.8989571
58.61859448
79.72504476
116.5229957
94.53173546
56.24430936
272.6796561
297.4498243
188.6269329
161.9027204
330.6537526
191.9531057
319.2950014
242.3655578
239.5686299
94.87640462
249.7467462
310.3863066
230.2635986
576.4328461
265.3247054
183.8548143
359.7466381
253.1670479
216.9265691
108.7406757
213.5508086
133.1292605
150.6805273
168.7018902
345.5933986
342.2435379
439.727614
239.6883586
230.5650361
273.1625104
157.1225152
304.2790971
172.6554964
171.8769717
156.2717649
383.1834222
763.6255606
688.063732
278.2051917
202.7647478
360.020503
410.9331554
357.2058162
406.0411069
466.3457507
422.1107955
307.9198206
303.5881351
268.3296907
231.2044224
273.8842632
100.7613103
67.22265866
134.9687539
620.3657828
716.3420534
576.9487365
469.9653169
200.7334882
145.6053385
350.3836053
433.6235488
147.0328808
466.3998221
344.1922729
402.9504562
237.4425306
329.7720859
418.3178734
305.7167095
375.2823198
394.0264271
210.4417185
431.4606819
280.7725291
191.2876485
114.4952461
97.73290474
183.2301566
576.3763834
471.5299865
291.0780147
124.9910326
521.1892345
478.679972
417.9737743
268.864958
425.8769798
594.5357316
230.6171055
590.8271155
281.5284698
145.8775861
181.6714501
91.60064947
294.8707691
503.7797821
195.7084035
200.4943312
347.2111285
418.7518813
216.8197837
84.20785187
221.0451884
163.0083444
522.9321135
540.8665745
299.5588757
226.6266794
396.9135121
526.6302506
454.0075046
236.095073
142.5219618
124.3179073
161.6274335
445.9520085
298.6334639
22.60450714
290.1248441
467.2193439
300.5144524
253.9099097
661.6923284
336.4089914
282.2432829
230.0185663
94.72290588
72.55081649
139.9364134
132.2739703
41.63064912
446.5806633
516.9321804
284.7672916
141.5400084
82.46239101
191.4092101
396.0009425
349.3248964
63.34791915
42.69267451
37.93852369
146.6793574
372.518678
299.215028
287.9002395
511.4285052
459.2316601
204.6572701
161.619822
152.8119374
412.578889
327.4093523
102.230443
79.08649715
244.8585118
103.3307497
374.2297018
225.2722029
155.6128749
139.6791283
249.5611
69.83709038
282.5558482
350.8704838
191.2018319
126.4072193
159.7496153
269.2246791
215.0119142
368.7132569
122.1618663
358.5704502
194.9628295
328.0878295
207.338774
192.1611693
445.687852
339.8550987
119.3489682
258.4077104
644.3323708
305.3586738
412.3473063
785.0363114
617.3629305
494.3380292
268.1751083
300.4068739
319.9336817
557.1026985
290.2025162
187.5110458
455.0577997
239.5392829
320.9391561
71.48843164
86.69180806
342.7470734
278.8567272
36.85311499
135.1641752
349.4481075
425.4098348
93.79577521
191.8756489
130.9420625
164.5545293
99.55902088
359.8947777
314.3415621
175.2979005
281.7424159
443.0240026
173.8982738
544.1065695
48.67348417
503.1673326
241.5951925
242.2235408
224.4432222
92.85720039
105.9869795
244.9511413
531.5631037
409.9936672
156.3758974
163.0375367
245.5321194
396.71113
385.9701142
406.8114159
597.4590318
279.9136904
414.2807116
318.7303274
32.69098161
318.2536129
99.06171743
616.3749088
182.4068017
429.3692368
473.5742757
472.1114504
223.7863986
151.1769369
186.2954989
310.0116267
401.8045495
179.2417435
471.0872123
380.825187
91.38125846
319.3419141
547.8838003
382.0371106
253.823039
257.6108104
311.996539
229.4417837
190.2720627
63.07973116
277.363896
118.854214
160.425651
279.5244298
286.4519975
78.51401751
138.0320649
146.6933256
194.5004884
200.7992532
178.5314273
473.9048368
531.7737738
228.4979263
162.8961798
415.1543595
263.5142137
188.1763658
71.36323909
121.8432453
126.2739166
289.171012
229.9561872
70.46575518
122.1277742
146.4069604
117.5960429
429.9302674
274.7898572
274.0040989
307.419691
107.368417
216.6783891
292.5566253
174.1862305
131.7972431
21.56548315
241.4854395
172.8493205
260.634378
355.8282555
136.7380279
108.413604
273.1778747
400.105404
144.1496295
76.74440603
330.3861602
147.0154909
358.4601263
228.8867441
121.128479
333.3870163
153.6652654
364.9184499
390.8763099
567.7722613
287.663568
296.4653387
230.6365258
171.4776866
19.51120636
327.6992218
325.9395071
473.3366616
150.7715594
413.5611878
155.8226707
130.1323482
222.7840732
177.9404309
268.1070422
204.0151627
153.2974481
309.7974854
209.9933665
268.5905036
381.5449671
386.3244496
77.05423272
449.0640077
226.5205825
543.1443026
310.3735057
274.5164349
258.4209055
264.1064618
357.1171973
124.2777142
140.1349908
229.7751731
120.8947025
222.5035607
144.2464991
135.2737413
62.46469573
129.8333757
239.8820709
275.25537
118.046741
427.6331903
315.9052374
311.514043
267.161005
149.0703291
95.43799594
89.17320319
364.9222781
299.1812078
60.44130456
294.5042654
183.4156443
313.6998999
494.0452154
109.6685786
249.2918377
249.7453122
192.3326623
225.5441007
333.184908
215.3276517
41.23606635
324.2266968
376.6580808
181.8337143
403.6860009
203.9391301
42.67142428
171.5287799
84.70697284
180.141935
207.0705183
168.1792959
268.6782494
236.3705504
407.6661973
95.2531448
431.7864363
113.9107342
362.7200684
329.7043036
258.9165035
250.0714474
203.4330742
78.99473199
218.1655964
305.9275905
59.97428927
288.2450751
208.8241939
227.8083829
26.04823356
226.4896464
167.0064786
163.9647224
94.84109507
303.5346195
354.3911094
138.3040885
241.3877079
153.9698555
97.91381295
389.9614776
500.6458167
331.8942074
185.8503871
132.3059926
385.5020296
290.9146403
249.7204731
134.4411454
338.6038959
455.9419683
182.223372
191.3150485
212.9806857
221.6006221
148.2077852
77.88142666
163.0738655
162.7940015
428.1753408
235.1371972
350.0717873
381.8125083
64.43411723
178.4199348
170.2383084
73.38306894
122.1178432
159.1856659
390.7393664
309.4096292
121.5482282
85.58273185
310.5393103
321.8651933
397.0874495
44.63912272
406.5993493
241.5701247
290.9583367
327.2492759
243.8269686
397.7065114
31.54030768
235.2673412
138.8545897
158.5845078
360.5057224
155.8757033
97.12356724
111.4433878
196.5040268
77.54551262
34.97714197
235.1061201
208.4048198
123.6467213
47.05079989
92.3788976
96.13101353
90.27730609
80.527692
307.0069839
243.7888796
103.0336618
209.7967679
90.14372567
195.862742
257.2189179
246.6144306
411.1929174
420.9197787
368.759025
488.0396591
252.257413
195.7018724
103.4768776
125.8018102
92.24933487
333.2784758
380.6692965
358.0331158
252.9537696
268.6827784
190.9962803
84.64737265
269.2962984
306.2256229
55.9115113
88.23438819
385.2510873
124.8893657
364.0025216
246.8941282
334.3221323
131.0213225
264.2770711
463.6492934
209.501516
50.52250772
183.3489446
304.6543277
247.0821114
342.0069739
132.0194739
253.0065563
251.3582397
120.9052948
55.05708129
50.12639785
145.788568
200.8674661
144.3712705
297.7888826
63.77180629
315.3316264
160.6791503
344.8388769
238.3040502
139.9509366
194.6410033
514.046214
171.6731077
180.5894489
117.7094602
223.6101214
198.4812712
180.930702
252.6914579
86.76085903
82.41295152
25.87231441
130.8902526
215.1333099
120.755958
199.8312924
219.0204877
256.4238603
97.08192789
121.3923166
217.7885016
330.1940674
157.7328118
233.274114
173.8749005
268.0432811
518.726804
414.0429547
86.98849122
180.3436286
268.373983
85.86841437
210.9677311
336.9830134
587.6026232
89.25673266
415.6745587
459.9668173
659.0052224
263.0520726
326.6658246
349.2600569
136.7702007
199.9012684
401.1077981
135.6999726
360.1320835
158.0610634
232.1575218
324.5303656
260.5642882
126.3843849
141.8197931
123.536582
501.2106262
254.4390975
254.7606869
265.2831421
147.8616656
214.0543645
63.22535589
121.4792055
113.6571063
229.6819386
139.9552081
371.3384348
347.9496739
204.6064736
383.9589651
134.1221691
332.0926776
78.15912374
253.1171133
28.94665998
209.8307116
159.7246588
183.2637027
339.4094866
68.09015157
25.74046253
246.0839546
146.6591958
207.9530997
148.1536322
441.6151983
333.2816647
279.7274142
373.2130562
298.8319195
190.6475266
156.2331968
132.0264252
182.7333436
121.3626428
407.7105223
147.0163305
332.3718236
136.0289634
49.00313174
429.6496979
185.449593
421.1398371
128.3383998
356.9838121
449.7720186
651.3146879
312.2678355
110.7880045
347.028177
426.3407782
275.6730419
303.3809815
235.8836723
57.77004894
269.2759592
355.8434245
215.3419554
149.3625781
49.23651187
356.699467
208.4405617
271.2841954
232.3061537
71.38881661
166.8231194
334.2705031
385.695295
192.3977985
349.8800711
226.8685571
71.92294544
194.8498122
110.8194659
117.9950969
238.7160586
193.9808043
502.9335107
331.2909878
209.4292063
425.7382008
186.6048925
395.3913342
147.0202801
140.6899163
94.92808391
37.05304504
211.0254448
207.4646576
263.4662535
195.2650228
84.97166559
175.0662643
282.4196732
173.6376505
303.3127644
173.7592712
263.0633302
320.9845337
191.46455
232.0955315
347.7126064
146.7797291
320.0288787
546.1767383
603.3789461
367.1007958
220.3054211
383.1273833
65.6875502
109.6095411
349.7617953
360.6870037
150.7740009
333.0844245
390.6309314
455.8613899
285.0091436
318.5783775
192.2856127
452.8334485
262.4929798
85.83786367
194.2012165
379.2819538
284.1503456
259.4164197
324.1939913
324.6717652
460.7300848
168.0008139
512.1646601
131.4001939
191.5968465
81.99417801
160.6163698
193.9174787
95.82799239
164.1951477
337.7286749
182.1464402
103.6653288
224.8970228
45.25748501
440.7848885
141.9630354
312.6729656
72.4899301
155.2590885
304.0773882
306.5371264
340.1576194
475.2268797
5.002778408
251.3671278
341.5234737
272.955602
51.73410387
251.6795765
331.0827775
327.2368764
250.5048776
425.8333079
232.6737806
147.8271644
196.5805805
218.7687089
180.3783608
192.6043714
126.5095103
291.9451527
371.0084951
145.3604937
237.3799258
306.0709405
226.3089329
274.3536331
256.5731356
146.4150839
205.4184425
112.3311163
254.8292543
79.22829832
160.4607167
122.0239757
82.89418357
104.7008744
57.76368345
89.276996
162.7962174
338.5711726
260.6462028
175.8733734
194.4379724
145.412329
325.468557
228.3532659
342.5574753
272.2639487
65.13370706
265.6022513
255.8164341
60.9398991
307.0687112
220.1122941
165.9852894
319.2707646
317.2789508
234.8043175
431.5859448
157.0744248
182.2482965
214.4152183
412.8038575
337.2024432
358.2929334
507.9923065
300.6188391
348.7683811
416.3957247
163.5621414
447.229891
211.2610938
237.9745588
299.1510021
292.0148456
331.0092809
298.5948586
118.4928516
72.58240699
167.2913569
91.2351444
192.0166528
121.5088784
225.1399104
63.52652848
341.34579
303.5249744
186.078059
323.2185872
281.0330243
121.3923272
221.846118
114.3785045
140.7027087
260.2608976
308.5975807
95.41617971
152.9013625
203.4641572
178.778666
57.41748144
120.0270625
112.1604413
273.0793594
350.3382645
179.6662377
425.2806535
333.4429238
47.95594133
274.0296197
235.1661767
243.3002401
88.27303317
62.67729883
166.2555608
322.4797725
134.2028228
235.3578779
122.8448467
235.0131842
115.5599962
101.3702514
96.21242454
151.3091803
215.8888072
590.8792996
434.4363916
58.11956767
140.7829951
229.3502584
113.8039272
87.87911168
274.3621039
263.2380944
85.91942245
64.94708875
67.98695527
181.8414957
95.96848147
253.9783247
366.8443018
271.5156961
236.7934027
179.9818321
170.6266226
109.1055148
296.6378075
241.8840089
334.8789911
264.579366
345.2495565
122.5596364
129.2122811
269.0216465
278.3725172
138.7550786
126.3073397
318.3979736
36.74287572
114.4683425
145.9848468
290.1262623
315.3431846
86.37538511
156.1098939
159.2589234
279.7067009
175.9469349
236.7857773
235.8732343
70.88336374
266.987595
163.4268351
191.9382333
55.08005643
348.9782542
347.9988786
372.4243823
152.5795203
151.880794
300.2346098
336.1293871
292.7845952
289.5927325
84.3225647
106.1242118
382.7674359
174.5821922
312.762794
179.4338568
72.50475463
386.54832
373.2348241
183.8078781
186.3540853
90.49993656
252.8963623
230.9743265
232.1518021
112.1194043
184.1689727
270.0980626
379.0353061
60.26348383
247.4288712
137.5387086
284.4040479
256.9855019
371.7704928
429.8579342
305.1200297
120.8789664
168.8359499
149.1105418
141.8727973
184.3324239
266.6200118
306.8654487
342.295353
242.7840943
136.0226717
83.40601057
188.9487379
176.8585958
136.1523432
243.7329281
359.6076948
133.5472637
98.56542749
112.0616518
166.4380087
190.2511844
261.5768435
204.2551075
76.7151089
110.0404206
131.171583
239.4432352
185.2405654
126.1255099
169.5687899
445.1203113
373.926651
156.9102125
133.4541063
258.7513854
352.3934682
265.0223392
175.9359836
73.43765776
336.4637258
343.8999251
282.3481564
145.4300239
135.016844
196.1522119
358.1331687
427.4706507
316.1939439
72.62508155
214.8652971
226.4421641
270.8720017
163.8360043
105.9710873
223.325955
180.0656033
93.36514252
289.3102601
147.8592571
149.4475539
128.286021
173.9759688
94.54535767
109.0653793
67.90618584
300.4090906
231.2007569
52.27947068
27.22973674
95.1496092
182.6757983
239.0570091
209.0717997
187.1522748
297.5891099
183.6953387
224.3026423
332.597041
696.5349539
438.1165013
373.6464091
220.6209476
284.9155597
85.12845082
234.6734321
81.5241598
175.1325769
204.7299063
220.4669603
271.4717497
297.2177248
255.9884047
175.1246996
76.89115683
271.347399
166.0386013
130.9456176
183.0226153
91.42033677
69.21439347
73.11340265
130.5726813
346.4077504
120.2910305
381.1378633
182.6312472
178.708803
103.5089917
294.9154019
381.5879475
298.2324384
165.2074869
159.7655045
66.88535436
323.8702866
330.8124578
144.337999
315.2343426
292.897464
362.2668948
137.3294631
381.9387123
104.017496
193.4505949
326.9769667
272.8651154
396.5516348
279.6711984
184.8509633
267.400626
86.18396708
255.8496246
289.7792398
489.3479676
288.4238846
147.3305002
246.7101346
159.1524721
158.3106222
299.1617752
169.4185101
226.3502627
44.25698895
41.96188774
59.84796072
254.1680635
277.2076492
165.8902988
31.35467109
276.8328878
59.13123172
97.77979384
217.8978802
235.7573445
52.00302901
292.1447288
200.9828168
232.1276534
69.49238077
125.7091509
234.0716538
62.92375922
293.6453487
276.4587146
480.5231701
158.8834957
259.4298192
146.6977747
123.6765281
362.1562573
108.1143131
73.06058749
254.9884696
211.6367216
150.8289789
239.4680835
68.14764723
158.0041557
152.4787219
135.3869845
133.360575
161.6908759
140.0536533
145.3842829
161.7570099
166.9319116
93.8596666
230.5290879
234.5793098
137.4067895
255.8632615
139.9914739
214.3493964
118.3118166
246.9481637
132.0805513
376.8262469
82.88775833
329.5125562
155.5358975
484.8869166
273.2656975
335.747101
100.6461127
124.8907859
115.5475856
282.8919798
327.5527956
276.0747277
203.5528063
48.50773037
351.3444708
395.9562287
132.936909
141.5344544
244.2113979
235.3069653
249.2853659
212.7585561
39.38407742
278.8218841
271.4189333
67.33400338
88.35292109
91.4423775
126.156076
205.8403826
117.851242
264.1415884
242.4909606
319.566447
285.8276859
118.1366438
220.0811506
134.9206115
313.6631204
351.900538
53.99602034
107.8666004
390.7995592
50.41989601
313.2544528
181.2326967
424.1041469
183.0946935
111.6383581
289.4784136
189.2384537
218.518735
153.9553742
37.85178685
120.6270358
277.4975222
276.879107
169.3476425
389.4326783
460.2047338
367.1971913
239.7200431
90.20502798
131.6594584
176.491618
73.90800386
133.5480156
100.1136074
284.991876
154.8245097
75.05919379
120.9572569
285.0173915
350.4071809
189.3382854
211.0366429
40.1616102
214.8891813
116.0777988
175.8541087
112.2677843
221.9068772
160.5196337
192.6152811
66.79766502
208.3957957
286.1166274
161.3815246
86.87655381
119.8875954
323.3014188
443.8771749
181.870635
135.1237882
343.8254581
261.0227015
368.5820787
300.4078591
76.28831977
24.19552047
89.32037036
244.8330076
170.2867821
325.0409239
372.0459068
181.3475089
190.7912535
111.5152108
17.41497991
164.9931939
180.5227244
172.471835
111.8126942
150.547228
74.70750249
284.152847
241.2889024
187.2273723
285.5422052
253.9477896
94.71647597
238.2736375
62.63466072
179.1219322
275.638103
139.7632497
95.93844093
457.6986211
250.0209339
181.3517723
132.829368
128.6513906
115.4440388
47.64723623
93.5741615
267.4916858
217.5614346
161.6283959
29.84939097
243.0173901
10.61530594
197.1445057
135.2970055
263.5550545
423.8504856
233.8421308
196.8973549
152.5332692
208.6363095
207.9049037
237.3963725
104.4627504
149.8822462
166.8747085
94.37285464
87.47065341
150.6452579
117.8663954
297.6793016
277.381301
177.5807057
143.1363107
189.6379533
63.98538942
233.3039286
165.9633542
62.636561
220.9723182
292.6389412
90.25595594
194.9072142
54.55008256
65.0591125
148.3304164
296.9583601
130.8675275
274.7303978
132.2375804
137.6812125
241.106491
193.004663
81.18969658
74.5632977
132.2702168
158.892727
230.442382
399.8909133
95.82160665
427.3595082
107.9287243
164.5033583
305.5571297
158.4618529
154.1628298
150.6122095
183.7140698
73.57609232
168.0350913
89.59288904
295.5852364
338.1099238
115.326028
68.58118039
302.7313328
136.9682137
263.0385875
125.491671
161.9786087
96.76146343
97.40513342
20.02762372
85.5085936
210.8624649
210.2495846
317.6647579
131.5331231
77.65782391
32.85902035
106.2712259
86.57282554
162.2192257
241.3936946
301.7253528
195.2658928
116.1587748
327.6961001
273.6400535
147.6536317
59.48056778
269.299477
284.1139021
70.28784308
19.39988104
73.22641795
250.5112639
323.8552806
165.3057751
66.08847146
250.8460018
297.2424404
393.9152811
311.7474127
104.9822112
9.79832298
32.33516611
109.1739436
267.0468668
400.5100471
110.9267247
130.4275844
94.9143518
253.3256286
233.2765605
85.41452483
446.2031943
286.1531238
108.7581792
58.99992578
339.9954883
169.8629372
219.1797452
101.8179113
102.7257324
126.6902111
102.4872559
238.3892542
182.1280381
80.29931933
240.3589028
130.8351677
157.2171886
242.7835922
409.5692165
212.1777407
191.8551287
269.4861712
285.4811687
135.8871657
150.809347
158.0850922
144.4775302
157.3584469
156.5938766
126.2333767
214.8228282
272.509525
307.922369
144.8387695
170.23131
278.6212852
172.3366204
108.0888831
157.2964937
244.3002126
325.8982995
144.6789503
208.1278074
176.5453583
32.98815136
149.5608618
196.5889227
394.6871964
236.0666207
172.4943465
315.1109798
141.7178787
102.0213998
99.4057046
163.3431551
139.0524259
49.39714356
230.9472428
202.4713679
57.6290166
148.5194704
105.4065354
202.9098352
169.7012455
167.6975076
56.3812435
186.4254461
243.7049782
130.1752758
165.4282815
86.87369606
369.0790003
233.6781563
78.26795245
296.1202572
180.9718246
269.0680779
244.3533231
228.5580288
276.7456993
123.9854382
360.4129634
165.9419899
131.555079
349.7380389
293.8894083
116.5066742
197.7032525
317.9503648
192.7803131
397.5675568
195.4514179
259.0905344
224.1420696
192.5690296
52.21788983
246.2864278
305.9533366
326.9710045
375.2623937
257.5845278
154.2744058
234.8432889
103.7471087
21.74138251
401.3606208
274.6187158
157.1673152
244.7161446
625.3599961
290.8616373
231.980688
276.863752
84.57311485
123.6503028
79.96400747
46.18215925
188.0693632
178.8842672
232.0129686
286.1587867
382.9809108
39.05758612
141.5594684
189.5874943
215.7163055
126.2309515
150.6074659
120.8384246
263.0374464
172.3894425
86.42410918
210.9241425
74.79871149
129.0451639
186.0253707
130.1871218
206.5506231
192.3516499
174.2419551
210.3275536
191.1788591
336.5238412
25.13899012
183.4372001
373.4918222
117.2156249
269.531667
40.81978651
146.3752879
42.43728903
153.3806979
258.8146488
393.8129566
136.6942012
327.596954
193.9647769
154.7776274
245.1456887
336.3613411
200.003751
263.0405033
190.5012744
160.3807016
19.20209579
129.4032356
126.9869429
80.99802759
166.7691392
187.9444533
228.3020261
226.2391508
193.9722921
106.7708623
118.5268868
68.6907888
212.8036728
314.2427952
374.8437134
83.28626357
134.8734571
97.53383166
159.2862668
74.88771018
120.0612469
124.2669084
156.1552679
205.4211121
351.3032699
120.9072833
350.5649169
37.58928468
254.421582
128.8324321
28.82854015
189.5456756
229.1284457
243.9012273
186.3679259
87.42237652
134.2382323
114.0008851
109.9543199
137.0059612
59.90978044
246.74082
254.0167586
173.1327705
233.1149778
85.14976741
42.05238967
76.67815035
165.0938592
135.8629553
224.0922656
70.84549016
163.4733716
17.35023609
68.19027135
190.6879063
315.9355581
200.9293236
213.9325155
128.1498069
213.3614329
211.1006854
116.4184968
146.7534035
120.5984914
106.7041317
150.512403
69.45569487
108.3119293
125.7580669
81.0532928
113.6683433
199.2517548
124.5069194
180.5612356
169.943803
122.1595337
125.1425192
148.8328408
40.87022759
115.3721504
78.15442313
117.4776212
343.099675
352.4212918
57.15450788
128.5039086
283.2873141
78.06444983
287.7857442
195.6569355
367.4867521
138.6894364
250.4231687
41.14124131
108.6091873
112.9694121
152.340297
119.5257091
274.739941
206.737809
90.03176554
71.22510945
118.5525266
161.4310065
135.1856638
38.66564118
342.2286396
151.3356363
292.8997324
200.9047455
129.2674715
192.251827
145.1071013
215.1138361
131.8604092
207.5544932
157.1630239
154.6451221
176.7158385
183.6351546
205.0994382
271.2678182
89.23060392
65.03522725
125.7669805
246.2784139
323.1244556
104.7737326
113.5810162
188.2263897
207.2295204
305.0729863
132.167674
169.9279638
114.7258237
22.35193481
47.67949349
180.0917566
150.4212625
81.94665077
358.4565484
295.8201992
93.89194828
73.81091035
337.3121964
59.39843229
234.8779283
36.30324891
42.41280904
257.8418652
313.5485758
117.2341951
206.8063949
384.6719454
201.7678442
136.3865064
32.09403665
132.2090742
123.4331493
146.87634
133.6973618
116.3020621
282.4784826
311.0886453
152.2682564
287.852063
201.8262271
175.6318494
65.78062561
163.0809629
163.3841844
153.1194472
202.0841341
206.9503061
272.2021977
34.760323
69.70222888
52.33628144
149.1058708
190.2554463
189.4000672
163.5589229
165.0850285
65.16396101
181.4531665
221.7622748
93.19058433
188.5645886
129.9221187
230.1278869
268.0522604
131.9551283
140.5913885
170.4820324
192.9076021
226.9954625
132.2480381
133.8816499
37.51057962
317.7937944
275.9598707
271.00572
183.7785272
151.776474
258.2139029
235.1187949
271.5814249
216.7922524
269.889094
209.374142
65.59972637
103.5012478
305.5232268
245.7380465
196.4519825
151.1746259
39.05773566
79.41915704
136.8151613
245.4197618
21.79530936
206.4032767
206.2709954
132.7118653
270.8778981
60.91345468
305.7649575
118.4289629
198.38563
140.2623495
215.1970127
277.5354692
154.6713585
131.0705115
287.4989364
247.7875259
386.4756787
168.6507993
50.46170654
70.95675747
174.7012582
299.4417732
228.1563836
88.59960846
109.9904294
141.331085
212.5626443
101.6611381
97.46413259
66.25821481
220.9136517
208.1248054
94.16331809
241.4997335
271.5794305
308.007179
182.0644909
216.4464135
53.80321708
148.2286967
120.0993377
244.5772689
112.1345478
241.4011136
51.08127621
188.1753019
43.39577476
125.1576571
43.30496565
91.95882542
149.7657364
162.2655139
117.0700944
94.41294468
232.4508592
212.8068685
94.83218789
54.7923566
204.9545853
268.2932944
429.427299
208.9584012
128.1828956
157.2041165
181.701518
85.47541486
286.6363434
108.5657582
247.4450666
358.4829739
304.4872712
170.4023611
82.82729756
396.8987641
197.5634582
168.2651704
117.3882703
129.0647398
230.2110404
70.06602721
75.38208746
58.01104488
135.8412863
89.87537128
186.5667269
103.1867065
305.1897416
394.4611872
151.0546392
141.065528
268.2019602
307.1481816
281.3660174
173.0276698
257.5471261
189.1240156
117.7598497
227.4705003
82.76919505
211.6086532
151.7618217
328.6260413
88.61172553
85.61187647
23.70102149
153.6868752
81.37096064
266.2857514
189.0513568
224.3987535
216.7906161
257.6930991
178.0669075
41.93233007
331.0856627
129.1128246
30.97062006
257.1448242
120.9131657
271.3086992
119.7605623
151.7266989
62.42571931
203.7816124
170.5938331
72.30815985
176.348712
222.4004393
74.03600511
135.6493089
159.030759
97.49889118
304.5096005
175.7265723
56.34349683
81.48631013
170.1315375
249.7443195
158.9960249
84.91951322
315.6044587
213.0871779
135.5242533
84.93457911
85.47539765
156.399181
214.7998573
144.9290836
252.5722003
106.0119944
253.6021838
237.1761032
376.0379342
46.88659224
121.3225041
43.64609996
164.7533911
139.0499234
114.5612248
104.9090046
200.3891893
67.55807807
105.4895265
113.1029857
336.4399047
225.2880383
202.1647382
49.51424231
306.3067642
228.3661169
334.4348981
106.8820645
257.2312959
295.1818561
192.6679258
138.7734646
174.6123033
17.77715924
49.68804186
147.759881
126.3586717
128.8207117
129.4123694
109.9875804
171.4550676
100.5352837
335.1126478
129.6403127
258.6331663
118.838047
215.0659346
248.8544865
211.6489859
172.7507942
146.8967335
73.58840558
182.0107688
132.7207501
101.3200058
155.1181792
147.4084588
182.7818872
65.04514985
26.47356517
6.043255012
221.4044547
250.3879844
104.3116581
275.3470891
117.5300943
97.36654256
140.9960494
51.36765165
121.7611276
35.7078961
98.03543406
169.692769
96.42160206
89.28803143
216.4660508
165.6993179
146.250973
108.4436724
198.8302324
219.7916691
165.9208884
93.03471499
34.43394422
109.5166243
50.15589717
161.4853798
172.9981472
144.5631848
135.1002612
110.176776
17.98421594
107.1298342
178.0428881
65.69927553
132.0738619
134.6557818
121.3111243
134.8691554
185.9318604
137.1293358
181.0333302
222.6941285
104.7812832
84.5785458
61.61787345
69.7203027
115.6602369
92.54644465
129.2291366
50.89769075
222.7637163
204.3824889
177.6483778
72.82438291
210.3785667
38.80799273
207.2529615
75.01505558
296.1468785
57.83086649
78.22267973
180.3246438
158.4617567
45.89411105
59.16406432
80.95430981
127.4591125
146.2768562
246.5494484
269.7756919
100.044255
65.77499553
141.2365921
99.14085491
266.0131613
25.98815763
278.8387669
98.60505139
179.2873926
104.3380575
84.73858756
147.7666025
154.6539942
147.5278386
134.5592773
129.0495961
174.8194242
118.3863126
167.6230606
234.5587521
131.2401504
136.5558526
135.0921678
87.55434624
244.4471923
182.5100454
196.5748876
43.91799349
219.1006497
319.1657345
81.86678559
68.41892851
108.6197932
64.12294352
216.9129977
131.3842977
220.9546642
214.3570096
282.3711372
340.1860989
332.8200582
175.041729
232.5471089
168.8069592
194.1427043
102.2191467
67.61128855
51.75917269
215.5544693
229.8854507
179.2671164
86.54750194
86.34096218
305.9041719
269.0045014
61.59632154
229.8229906
258.5794875
36.14851324
64.73992493
252.6765035
139.4921575
212.7056797
423.9423927
217.4695214
298.144423
211.1238456
162.8489119
151.1349871
252.7674418
218.5297401
203.1575317
343.3084598
354.5684994
132.6686856
192.0448499
357.9375331
241.4135111
63.15215443
142.7090299
251.6163429
194.6335114
301.7849572
46.82032415
112.6964014
179.9919603
157.9202853
103.8984612
170.4948103
83.57477595
292.5030668
150.1555198
97.8688231
259.1677465
96.99496917
202.5453168
242.3130956
265.2491873
179.3187061
186.7259154
250.4050711
125.5940231
95.22368127
211.1288652
123.4190457
58.19484408
80.98239769
31.16107018
188.0240555
70.05727218
158.360644
135.5945871
55.10546683
53.09516509
165.1500944
74.76338031
271.1818404
182.7367444
165.3773274
180.8228126
178.6037691
102.0169284
132.7296176
174.7788188
79.50602975
211.600181
153.0322559
153.0019658
62.21492581
295.8781074
194.0087752
233.5116213
335.8560334
182.8161075
111.9912584
157.0487695
200.260757
170.0366024
145.6881201
65.78541808
63.66343618
108.8299013
328.4844121
57.11379249
236.5709454
10.27350238
146.2703812
29.54705872
123.0860651
180.1522488
61.65339002
224.5232673
128.6761933
94.1249193
14.10149934
120.6114002
277.6038333
393.2263161
26.55562658
59.71162187
334.6942493
46.5800005
301.3238458
124.7781049
320.3711698
333.3903597
278.854078
313.7923325
175.7597103
277.7350073
45.85733614
195.8938706
142.5606595
199.4148666
94.70514993
216.0800649
117.6172314
150.3391244
135.9740479
299.9105267
166.2892061
152.4851259
123.9183026
112.0160231
67.25874826
77.9019708
221.1504238
92.48198146
275.0999458
234.6375064
38.32789327
73.2583362
109.3556258
226.2547097
56.86556476
122.3436642
196.5003973
191.24168
107.2259504
115.4701247
51.21049131
158.9608983
96.41322009
128.8212743
198.9344267
180.6015948
140.2573363
104.5410452
197.9922984
82.52344977
108.534473
256.2756402
129.6273278
78.82909332
55.00639285
56.86372672
60.20766891
210.6756564
183.943471
176.2603207
224.6974315
166.4819847
101.2834191
119.0261501
236.1561172
108.1924995
35.64936206
282.6539496
185.7496062
96.42968854
150.6454916
130.1899354
93.49558095
107.178198
85.28817518
226.5127518
235.8473268
152.4469047
147.2577892
155.2343881
242.2943815
116.6036751
148.7471245
244.5856923
191.6492675
346.2419884
258.2103754
220.5264442
220.7204208
214.6623234
222.3483891
19.30482064
111.4840542
235.4546926
113.4230794
216.9408575
29.53864615
280.3054858
191.252684
150.38218
224.3453225
211.2722979
80.50084771
75.11618812
129.0113357
171.770854
181.4994748
143.679029
221.9202499
119.262205
148.3923029
210.6603692
130.9260166
157.8401739
216.1293357
213.4013499
293.0356262
157.0846531
23.11617638
138.9275082
195.5980475
25.19995694
149.3108698
116.7167748
186.1308772
121.3678912
60.50477615
248.6146924
275.4904021
113.940849
234.2031385
115.5749863
69.3121944
129.3804776
187.1309739
110.8737723
254.4592926
273.3006389
147.8700326
133.1765446
52.00170984
214.5655106
160.4059828
98.3390714
165.1987282
189.6139325
128.5212419
192.1787669
239.9292331
275.506057
128.2042516
180.378162
199.7740199
254.2321587
330.5879802
121.6244259
289.8055543
190.8378678
100.6676103
227.4164769
75.77631376
300.6214242
155.1462744
93.18367279
119.4877928
73.46783488
130.1527112
74.75065295
75.60561838
68.72623802
174.307701
217.7227272
155.1683545
107.8928038
171.5519529
220.2444337
164.0642915
134.3382354
180.9329881
180.4563573
187.4740904
209.3696244
147.4898065
176.9801105
101.6806883
264.7350215
243.9019936
66.28208271
35.09442718
149.7199446
194.4518084
67.08337924
172.28062
102.6175082
110.0300204
181.7125988
163.2156303
25.57267667
135.0286386
197.422016
47.79551788
138.2343322
258.7167439
233.3013774
258.9787847
143.2013308
65.1083236
174.3358769
117.5086873
151.4998365
158.3300479
117.8016809
182.0326504
114.9138616
205.052202
104.1372478
150.8362038
148.670561
69.41500521
109.7950215
132.5472825
247.0501654
148.9318659
112.724434
212.739287
167.7827106
219.4888231
147.051783
176.9577107
224.7438086
245.7246887
140.3665679
66.94568612
85.7823888
101.0541603
86.58044182
172.127008
251.8196835
109.2591536
103.3706028
64.40749454
81.76536137
349.4067608
134.6487419
231.9921092
69.71208687
170.2672794
183.7278912
255.0566287
116.6598454
80.50339972
212.6539903
109.074122
110.8279254
203.1659848
57.51950742
130.9467214
215.9574969
124.5030453
90.21535289
187.6847171
146.4210596
169.7576179
167.0884651
109.4013126
99.29043944
58.89030609
121.3239535
131.5092587
112.1938576
146.4709858
11.54185051
119.834472
147.7331505
237.282925
67.20286941
34.38681293
67.43117788
65.82163596
97.11827412
192.9828277
132.0449241
102.3941977
341.7208131
241.0931327
210.341654
101.9933447
113.1749007
216.2057031
242.0392136
70.18403701
86.2001189
149.6756099
107.0290148
202.0910416
78.71081119
83.26227379
39.09434132
60.02377243
95.25689277
245.5488975
329.5180672
136.4777274
142.9591458
43.88250517
162.1316072
120.2905886
105.8315125
100.3204129
151.2408997
217.7511463
226.3476829
265.1653485
258.5109929
36.34622519
150.2944966
114.8941362
104.8488939
63.56853697
84.16403973
76.11340424
97.15794439
288.2695746
172.5090557
271.3328174
111.1482368
20.27834734
236.7033113
153.9610827
185.1365384
110.8086892
211.5586591
214.5389792
180.3423663
108.9159517
34.61164209
163.0214216
161.3668081
174.8149647
166.800033
131.5949996
191.3847895
116.0351241
67.72478239
46.18735187
95.02519013
189.6586723
51.47522365
232.3899755
131.0263232
234.7356951
129.523133
188.5694909
204.7367992
234.4581466
150.2982317
103.8001501
251.0262205
46.52270295
232.0928583
204.2748877
216.2875745
266.2303763
129.2634596
358.5087749
287.6757498
143.0522352
132.5965966
95.20688561
62.8084788
149.0964711
209.3663509
309.0500578
179.0594756
154.6059254
231.5380285
61.32767054
147.044371
126.3228677
147.7767003
153.8493798
65.71152485
182.2111952
116.4795644
62.75874187
97.35795097
64.1131329
56.04722484
74.56513312
26.53287053
60.17521725
249.7112413
226.4571243
51.69913013
38.89334012
174.6967572
106.8562162
194.9046544
56.28802998
62.6548618
92.87871065
100.3915729
45.49458165
61.80125913
151.6916317
227.2081586
69.58071227
145.089247
132.0265296
253.9475326
233.5104048
146.9409826
37.38752357
243.4156429
91.07404738
137.0733799
163.0627011
92.29988433
99.83498509
88.99511329
177.9054904
139.5972397
20.74613813
240.1785407
75.88806943
161.6617745
99.51843629
104.9421534
76.61037209
168.4260253
172.4453355
112.3051454
203.1072682
268.1791385
176.3597469
21.77671783
97.8652574
58.5340954
167.1667784
104.7616466
136.3456067
80.14279921
50.16970165
136.4247555
244.7133894
174.8221556
299.6651168
50.61017569
160.6308808
130.9463617
239.2014459
211.0288577
70.4047662
20.30158371
192.308517
190.7903372
151.841945
111.6975874
24.79450995
224.0479757
135.1351033
109.1609454
117.6080882
159.785861
179.6874765
107.2482147
107.9492374
101.9143539
43.8219577
142.6362208
46.01532933
141.3759874
145.714697
81.63722242
169.1216676
158.742924
161.2164084
171.9177281
86.41845614
140.2655869
156.6648407
170.6426962
208.5732138
38.09944552
70.78665086
58.60292002
102.2003547
189.4732058
212.5135122
96.82991476
67.93339664
97.27151641
192.1223733
50.48211688
71.47776841
156.6966049
122.2032285
115.9332274
108.0049441
253.1142203
242.2777405
210.2290162
150.139888
98.91691173
124.1497507
35.71518456
182.0635986
98.36046012
165.460047
122.0588266
140.8583147
75.23854772
172.0967071
243.6338903
55.39461013
84.85257324
59.6322472
107.3607879
172.7488564
138.078461
223.7584082
83.03732699
184.356682
161.3300594
179.0357365
124.2824735
72.81248599
30.14777438
84.61025212
102.0055422
155.8609304
109.5468858
127.0263977
149.7267061
87.4828914
76.48806626
69.61172608
11.7412634
86.9410846
283.8320845
219.5963018
74.00336657
157.3916171
137.1891957
325.621973
72.36747525
225.5499026
69.09803089
202.1724844
84.18634154
92.75016685
38.88403483
44.08592067
89.30277232
103.1581943
171.1051383
82.05787064
126.5410175
49.10303105
240.281782
51.5016165
78.60292307
36.44907694
46.2510503
39.70845034
254.1247294
210.8753452
210.4259465
250.2100637
100.2473246
141.3113236
129.9039511
190.4713794
234.4672821
78.55486281
130.8052247
127.4571002
167.504281
174.9028486
238.8847272
60.11459002
28.96057265
242.9737729
73.29420505
104.9877344
59.25042459
57.39098615
104.1091617
176.9965368
186.7658843
66.98438376
224.8328791
176.0866762
123.0894044
170.7044308
168.5742947
105.0588081
152.7629711
94.17312404
80.83876784
81.97983421
150.2279975
171.6258098
149.1435167
146.4496374
89.841541
72.40574637
222.4878957
357.1414122
133.1181707
103.7210292
152.6401598
156.1880749
160.9378911
82.62534335
141.1078305
177.0224954
158.4492823
247.2237154
280.2519752
63.54077008
65.86272754
152.2197076
196.0139582
132.8484719
100.068578
21.10342941
247.4794321
207.1276672
243.5041903
129.1670459
61.74234013
118.3998858
138.6756762
89.30024266
122.1508648
146.5252996
80.48934262
106.5296612
64.08827912
183.5067657
300.6428676
306.5000149
172.370109
45.95302136
111.2101079
161.6123769
144.3212259
106.7023404
108.9402258
149.4293416
126.4112144
76.26339432
66.94579764
31.4460859
91.23992545
98.20620822
215.7731262
291.656471
108.6782144
131.6316466
142.0718749
179.6930893
179.9800737
182.8746036
141.5910598
108.7071095
111.5968437
79.02754867
148.6251291
278.2496549
141.0102373
78.37815454
96.06004674
110.5270319
142.0393593
69.97626602
37.83783414
128.9733222
87.49095513
24.07506222
32.86826084
87.13041293
105.6292697
117.9346943
81.68619966
111.8614885
82.07114188
129.8133824
189.8585265
144.1472515
245.3885037
272.0880797
268.4881901
166.4367363
129.3292148
79.57515425
61.97149037
171.6074886
150.3817758
129.1365917
54.02132588
108.8633723
159.1958727
9.231734144
143.8372253
182.5058396
92.07974238
94.32752886
135.1644329
139.9186705
47.92966005
112.2680241
60.00943518
115.4052438
103.9656368
98.77867815
105.5595173
188.6803866
269.3159494
47.08730681
216.3385951
147.2289582
86.3537562
133.6204374
196.3661909
138.0881475
149.9756632
115.1173685
154.6425957
111.1276698
108.5481324
117.2786314
132.7488516
138.2941212
51.95589034
54.70148998
126.1156577
98.22372376
184.3063921
212.1702765
75.65988842
45.562245
137.5035421
185.0872438
46.50051334
96.99734631
32.81741693
73.29283274
49.61033447
65.79801425
68.81867874
94.08147905
241.0863496
40.53758584
198.2905177
46.91142628
162.5192929
131.8750897
190.5039389
369.2928433
71.85628179
167.6248394
216.2716103
282.2011284
183.365454
104.3259461
128.0422147
98.34445569
210.4835125
49.31310502
142.4578311
144.126117
164.1004252
106.227657
149.8154279
173.7588903
149.4799547
222.2037034
151.8413694
181.1233523
74.42537306
103.2727723
155.490641
15.61399954
119.9503881
94.53035312
233.5083024
206.5768123
214.1306594
110.4627159
132.9209692
33.51280133
244.0268228
54.72766589
202.1092685
49.3972337
202.4369833
105.1551339
194.4299815
101.6962161
93.58168761
174.2943271
75.81484629
208.4371356
100.4745094
140.9839956
88.50605769
97.06206153
164.6550711
129.2263422
122.986516
149.5392204
248.4021747
65.33327427
77.90065118
135.0635199
42.8933397
83.67938714
35.12394437
91.22907576
61.07788143
233.4939113
225.0744615
174.6047793
119.503977
149.6031355
116.7502706
249.1067964
104.5462124
66.94696689
64.97985595
55.35079755
185.4862364
141.4419098
112.1907831
145.5480003
69.48433502
72.38268242
68.82785614
80.99035315
113.3063755
205.9209319
74.02199949
102.8688873
176.4479477
106.6640439
275.0521909
136.7614235
326.3602084
176.2743706
59.06702388
256.1977043
69.49344143
230.2713878
165.4265412
285.4865383
34.81586106
95.81669136
209.5693733
172.4652186
230.32314
195.7785762
113.971453
90.4986495
85.44553757
47.56767749
148.0944944
174.9248953
64.95125259
146.5680011
253.8916182
55.80931353
321.1096701
149.0900613
150.9814676
178.4971949
118.2729533
180.6055831
97.72749097
147.2440736
77.95141791
144.4040378
111.2959743
67.1181974
285.0514121
170.7077056
159.8330584
99.316573
189.5223083
218.0396247
132.4192355
79.55573862
216.1906031
104.6272775
128.3583049
95.2597946
56.32738054
20.07626808
98.41305304
172.8069096
42.30770563
149.3002288
114.5676798
188.6882742
148.5471139
300.7550309
193.6939185
203.5909192
139.0939723
170.3471355
99.71571986
73.09299274
196.1692171
155.84366
115.000899
174.8774396
238.5640322
150.6915075
45.65048609
118.7588747
100.1608998
18.84253206
25.66521805
7.43694219
97.54004203
42.89605296
229.7125745
129.6115131
139.613287
107.005929
168.9988365
63.37734817
61.47895397
59.33211832
237.1380818
151.817975
147.9646688
21.81983137
155.0577585
159.3671263
232.4885589
154.9385415
267.9803454
135.8865744
241.3043285
170.1204191
35.58874487
124.3843222
117.7513475
102.025215
183.5968053
119.8672015
157.2832494
137.1764066
130.1464498
71.50710337
39.36668958
204.6243646
124.6663862
90.84882399
146.0917356
235.3220419
156.4420818
159.9342597
84.36085619
58.13075715
114.1543446
43.11436228
14.87206627
49.55565128
37.01491623
27.71927627
50.64554329
92.38705197
160.5814714
62.3000393
40.15541626
79.33736916
130.9333814
203.2417806
39.204473
68.33565157
83.55995118
68.40188545
64.95696547
112.3239678
223.42158
58.43533801
147.0132455
171.9417537
159.7385879
138.1297598
35.5244206
229.0346928
114.084175
95.32978838
111.3727228
179.8999248
202.5523068
171.5075314
156.762737
183.4373309
87.43438173
134.7245602
103.774175
87.7730956
57.75900531
93.39943159
39.50667363
179.7223423
201.8025206
105.1372379
57.80161493
39.08261511
35.79950546
94.60636576
150.4597931
85.88229617
103.3525499
133.8047759
49.55292707
152.1523745
112.3229062
188.6819092
164.2847654
205.0390719
224.3230052
53.67015775
174.3657357
95.46839897
252.7050411
179.4657544
123.1782921
219.5956418
134.9285524
204.4371605
238.7439916
154.3341565
75.51201457
110.3132001
35.08475773
147.1914046
35.51213395
202.2534409
125.2298925
28.85207436
137.4629146
127.2986775
130.4044261
148.1539964
113.5901183
118.4500475
37.6013922
56.35236505
4.638806524
131.248251
121.3975819
56.14014111
13.07741842
106.8411038
35.43475007
133.5905751
194.4823081
179.4641658
106.9925668
208.6514719
28.57408283
188.715654
87.63372815
286.3512837
130.8066097
202.4790275
214.2340297
128.5047449
48.63026058
73.7085609
115.3323013
37.92765444
204.0245923
134.884014
50.72093969
118.6019375
175.1984928
30.76136814
54.77857738
110.8431661
34.9742828
155.7226309
148.2376514
67.11888724
70.74809727
204.4968746
281.4342622
73.0051239
55.77146319
100.0075488
128.1790268
108.4962996
94.02403423
47.52653048
59.6502626
194.5284265
218.5225231
168.5386176
140.6183253
98.03884546
145.8648189
77.20127652
162.7332156
111.3838682
162.8828602
197.1412347
28.62196278
204.7092924
101.0957378
155.4242849
28.49387075
71.85715248
147.8025104
18.99899706
126.3608677
60.70826001
55.79354709
169.4862205
98.74537139
65.41284245
116.8030733
59.37141668
168.1609642
108.5477264
56.37963849
256.5627438
162.7069357
50.01669688
65.40968848
137.6132065
84.19314476
58.75580804
117.9017813
63.21196906
45.38657566
82.18390598
197.3428844
80.9284373
207.5620507
135.265211
169.2759906
63.46903381
141.3311779
79.49832763
70.39498323
155.5333448
222.4398684
190.7225739
177.0356646
125.4368794
41.78458804
31.27011998
185.9690784
147.8312075
128.6661602
200.3091914
119.2913227
59.29836719
175.4000119
193.7471924
199.4951324
126.7642959
177.4292088
65.49433107
114.4838024
188.5633504
67.00923407
125.3143192
62.51267363
82.15318803
88.36625861
173.7280929
128.2312916
196.8698605
108.3187026
18.19740254
71.78410053
108.8263034
33.3615217
158.3733103
103.2275713
76.26612802
92.88958047
111.0536629
28.29490866
83.34171035
145.5832721
96.03427964
39.36774253
123.1609106
180.7795655
30.42121792
104.0614655
121.1404183
100.9710273
121.4787796
68.9959404
258.8597324
163.6883002
96.34115982
33.37215774
46.88931501
154.186919
218.0823436
184.0197205
97.59331123
127.5730461
134.579234
91.1023573
93.97466157
193.9373029
147.840664
194.4451889
65.75148208
45.91127013
180.8052503
76.74910436
164.9355576
93.98584568
156.8195966
137.1447969
122.1185778
251.3193621
251.1796926
176.7421107
85.49348987
167.5486434
30.52327534
141.3106026
120.503403
197.4450357
83.26719673
64.55533722
118.5065163
25.51398202
119.827721
103.7933332
60.87880927
98.51361941
102.9808485
107.9133224
49.9794312
135.2661868
135.3452803
189.1827242
178.9951475
60.71745064
74.17942113
171.4508958
25.99782647
70.78000942
120.1861111
56.34610682
44.76624227
75.43057296
55.39550263
138.2928891
64.30461997
47.21084802
130.7448348
89.34934946
98.16733758
91.74158468
48.25349131
128.4249774
138.9997068
88.00441501
47.05059887
86.18614026
178.9950861
43.64722761
123.4067012
25.04529275
68.96234893
114.3142271
98.41514687
104.0601495
89.97351921
32.39257516
80.59854206
108.6421884
16.17958635
97.30267034
58.5385136
18.41731525
104.0344679
14.42661745
115.3240763
37.68342864
51.39752186
190.3775893
81.27395045
87.863597
19.11357955
105.6666203
45.79575586
195.3012523
300.273983
24.9884351
108.7976048
66.29361788
83.76767786
97.43051035
84.74829713
68.38959627
90.06989091
197.168922
350.5518559
90.24675912
74.49794503
137.8023299
52.96767307
192.0508895
73.10753447
138.0072169
58.32760107
32.26555139
140.4490519
132.7371821
110.4640115
28.33459534
106.1545027
28.55674156
156.5382151
106.1581507
150.3412665
217.964479
107.3588455
120.9433116
63.62764595
109.2545109
278.1296588
98.19963706
100.6338763
201.3964356
194.0209256
219.981774
83.3599794
111.6411657
143.3483018
248.4822352
68.00476513
131.3388133
171.8472764
130.1989069
110.0315315
76.95732325
62.990487
89.53208357
123.553148
59.62149981
175.4082468
99.84993437
156.4682851
64.08432377
58.96161652
145.5802403
83.64089245
54.49694515
108.2707179
75.05309963
117.6561114
180.9179787
143.3063324
67.56219225
219.8401294
282.1747262
136.7668458
128.4201638
190.7547633
66.77293421
198.8243514
133.9611664
80.48780116
130.6448766
186.8163435
122.4077252
119.6224377
154.2266891
252.886247
64.95971276
133.3257096
198.3916153
101.7778882
108.5063425
139.4301416
227.4364705
121.0698142
141.2441758
129.1727554
121.5730284
154.2322129
83.3728611
55.37628265
127.513553
117.0242915
13.5792887
128.5484458
60.58433816
90.86476935
137.1112259
109.6969408
224.6186891
70.46622358
260.7820404
168.8082405
129.7473398
89.23768869
76.50340656
132.8064734
112.8473106
155.8587434
162.3530876
140.2976065
124.4270229
89.69400297
112.6785732
102.6357611
93.28451823
35.16896932
144.2377914
100.593745
6.82870158
43.34738423
125.0424053
144.0627766
159.4840776
157.2289738
36.10305679
132.9996111
106.9454762
125.5036438
51.64311509
116.22679
162.3179943
180.4144059
149.5149601
85.14010627
149.4967903
21.13674232
117.1032701
121.5321237
123.419668
100.6685658
89.77836382
245.3250293
69.29099562
75.98830957
52.61713867
65.89099578
20.87523644
127.8179115
19.20494384
214.8558756
158.7181401
97.96039869
71.01635642
39.12528424
149.16044
292.9745378
96.59683157
170.2701725
122.9135249
177.9243542
70.31920782
110.9300719
110.3454714
73.40347892
60.84073275
122.0953886
192.8759648
278.6200355
14.3037725
198.2594211
86.95705421
88.08898105
129.8181921
18.42820036
79.47313312
156.0088132
186.2529538
78.33445993
177.4216457
91.59583236
62.43625525
132.6050294
160.3247406
68.14439958
37.71545056
247.497306
316.1605014
107.7690957
91.00239294
53.11972176
114.1082354
192.151523
172.4141285
256.3461433
123.7238615
157.1213225
69.10146616
37.4885026
84.39424863
50.59888556
75.04244461
27.93879029
80.01188046
50.26477678
197.7308243
278.7001923
150.6632404
200.5320892
176.3255664
89.67523373
182.879319
141.5346545
118.0795695
186.9060031
154.6769392
65.28045451
50.23446447
115.159903
120.1742946
44.67082587
68.958404
36.20218088
166.4462903
11.79847826
168.6923246
55.3237162
125.2671858
216.0313905
63.82347416
39.52085941
194.3924305
199.9949756
4.970182012
88.87118612
181.2924335
115.6494667
167.6035956
110.1488681
111.0652005
53.02699498
105.3662766
20.13910483
136.1401426
64.64665772
33.8780537
166.8258139
242.4926238
187.3443664
189.0958375
225.1665934
180.0860945
252.4508817
62.67841066
119.6208115
130.7519923
68.2263813
144.5306905
102.0021031
18.69357344
49.25859479
100.2544108
187.9191316
89.48378461
112.9831988
36.37547881
127.3186947
112.4857009
64.18852359
129.59444
138.236282
294.8630381
120.9910186
181.5909671
278.949431
191.075399
176.1678239
92.56430039
60.86151175
196.2160264
126.5037439
102.0722462
83.63722182
59.69818401
160.0814136
141.0241415
83.67979475
150.2701997
106.3774665
31.92022088
183.6495525
175.797383
92.23419086
74.0470967
84.44657099
91.14683652
99.11157709
79.34328219
155.6761534
123.9362702
169.1386756
165.9750585
72.77581204
113.0997371
89.8245019
191.8987216
236.0008119
246.3555028
21.73580672
144.9473722
76.5242055
154.6312798
30.61015322
77.05084704
90.5984014
118.3849641
188.7544111
160.2428572
10.8589775
47.02259651
133.4062898
279.1646922
310.5680037
65.22308974
190.6911013
231.5750679
65.73025116
160.1387998
225.8737248
63.56390404
162.5009575
5.106644243
156.0733582
98.72524744
98.90650522
163.6701774
78.17126338
33.06357403
193.7366725
265.9596469
133.0764309
159.8753451
69.39935813
144.0468139
106.9096332
198.8641671
55.52975797
120.4775301
64.17478248
107.4582809
159.0304042
71.45794525
54.64497814
50.78715116
89.72689254
56.23774873
186.1485633
112.5362591
63.70706281
156.5799109
187.064356
70.69770623
99.39682247
191.9489028
101.8255105
87.90503307
76.76319187
141.5655758
108.4588078
139.0972685
62.67552077
120.4222919
154.2157069
117.1570445
78.3917038
178.7595404
187.333611
164.1671301
136.8080971
28.50169277
77.74260681
122.666649
63.15690845
128.6318101
179.4515366
84.0844692
154.3268761
129.6443561
176.8700279
55.38299095
31.48462286
75.80763501
65.12974837
59.27518831
55.65372243
58.56540898
188.2879126
209.7596339
175.7578706
118.2445731
34.67932354
78.88562066
81.82892464
105.6578022
89.41643705
178.7007781
77.25638087
98.0782359
82.97204997
113.119771
71.07444313
45.12969186
34.85674886
168.5808368
133.9472972
39.93351232
68.22442355
108.8950279
107.4341765
80.57217336
110.6658646
73.30617419
111.9099251
233.5033891
212.2081947
234.4646135
78.22297874
105.3860617
38.80402892
88.44945047
96.13987723
197.9047279
79.13833416
207.5830558
92.36478512
140.3087093
68.82686083
89.22425007
92.49978137
87.20408505
130.8303442
50.64930902
118.6642208
2.848822319
40.04839253
136.2073259
226.3601793
52.21860571
144.8485126
141.5366872
188.9955156
89.04156523
29.3248547
28.32412614
151.6273031
174.3751899
158.7802712
227.326015
151.7124804
208.184777
180.35118
85.10370892
110.8850298
159.9425002
43.23277605
71.46133639
116.3728888
26.0998141
80.01849282
265.1140858
142.3352425
128.4333301
88.14457809
77.69943349
175.1955099
93.15988413
131.4243872
76.84718652
47.6231285
204.7053008
177.6931118
69.17217161
56.21253926
33.38193875
6.119979936
97.15386137
148.7480328
61.88448989
261.5401798
99.79791101
216.0402545
75.64768154
171.3051331
116.0801509
220.02526
128.1226286
229.8633424
80.61838471
234.9243189
222.2798781
157.2404092
74.46849511
99.429468
24.57096618
52.365769
191.9709209
181.4032581
34.05856028
131.5546208
107.3192762
48.79126887
49.20365189
125.4332363
127.4281893
140.4557549
67.68913827
66.30618175
42.28138008
169.8303377
107.4017515
134.3441776
133.2017326
111.036388
85.69153967
122.7718681
115.5268127
83.72606276
117.1811495
174.6072049
32.66260427
200.2335929
122.0873035
98.26279227
97.6203642
31.23379413
45.79426509
90.98912512
103.5025655
18.31887159
218.0916116
104.7082505
156.2319367
30.51317718
156.879768
176.2157804
161.0742306
40.38001816
94.74740141
120.2380539
182.9627557
81.13761419
119.8492517
67.14471287
140.7282856
199.977123
161.6746814
119.55664
67.51895883
108.4691717
145.0606668
129.5060242
92.8479798
138.2114383
149.3825009
128.0015305
86.40437948
0.7032822403
134.3516993
147.3996488
129.9357581
29.49334101
100.0793055
172.473857
46.02012804
115.5494543
98.87008572
171.4612381
133.0970482
106.8688954
117.3778557
24.15886739
88.07290295
252.2065042
172.8792735
133.2188458
114.0877493
18.23782481
177.399948
58.71566877
166.8653618
141.8686865
204.9349126
71.32673533
111.0206474
25.21728366
176.1095391
129.4078877
72.08941212
140.2040133
177.4046568
142.180048
100.4293576
167.1976727
45.58854332
121.4003605
217.9649595
167.0707097
273.0004739
79.29734042
127.5574672
141.6012603
58.70095982
169.610523
85.32640327
138.0045388
69.79339351
26.99413297
108.021602
43.81889193
73.0281
142.8900951
111.4150599
136.5133693
162.556897
65.80496459
110.364791
64.29674297
130.3602644
151.0695055
42.57123308
15.58140471
221.1080527
79.42043153
270.2834483
84.54866752
91.11915062
56.00221186
97.92314325
122.7433683
173.0878789
82.80207121
248.5117934
82.34874781
138.8613497
181.3442964
253.1805332
103.5161129
106.3193293
137.722411
124.1126463
145.7509592
240.7778424
32.61366211
218.0622483
130.2991896
196.9553123
162.5824539
145.3904106
171.9351278
59.07113755
175.9405045
177.0424168
210.6034332
55.04551901
165.01442
23.37258951
222.5086114
85.76054015
71.32792206
121.9801811
66.27089656
79.697443
38.82373536
68.90114252
171.3427127
46.25488406
81.39793988
173.3299453
104.3123865
96.80887742
103.5532667
226.0332512
77.07539957
88.81783409
120.7666849
191.2125289
137.875912
139.2181606
188.0389882
113.8652271
101.2637957
133.1248906
85.03175306
160.5687527
87.85295339
92.26610518
75.28649386
132.8954873
121.354608
204.0017527
33.56619333
2.069021477
174.6370261
112.2712529
188.6215362
181.4430324
81.40542671
145.2189867
90.18983964
101.1470168
115.8333653
106.5484994
61.10778615
108.3452206
75.82326017
8.52494948
119.1984374
132.4382073
16.83707425
58.26104984
51.22938186
80.72398531
27.86698641
96.65609551
105.3170697
130.3177867
92.67777079
120.4925407
200.1976117
121.0265265
89.85001224
90.58203164
158.0632449
357.9876023
165.2452273
70.57801456
106.1586054
36.37761461
102.7075313
42.88237944
52.62075551
172.9817192
105.2467919
305.8678085
61.11146481
143.3169851
173.1074472
243.1733446
228.2479912
159.5522786
43.59861734
104.7058493
125.638963
88.6264225
125.4098474
153.8830949
165.6016793
158.0348671
159.9559745
209.5821408
175.6916423
126.7200343
104.7624455
209.4288062
130.1225727
45.14683965
101.7519435
39.74014174
44.05721153
51.7873708
80.70820191
6.366245886
82.22650885
88.3678253
124.9338905
66.60137774
206.9711583
96.38974291
86.28514051
161.5448388
123.4176289
45.48781356
104.7199737
157.1670533
42.87753991
72.20220851
49.85149886
130.0358638
66.14389273
166.0355801
31.24812134
49.0862744
166.0629599
69.43866221
114.6272528
74.44992632
53.48918992
61.29151229
33.09271724
125.2773146
163.837532
35.89049179
84.40407387
26.51603271
120.127868
72.67658488
51.44801812
69.14743731
155.6927638
89.15329456
189.3979928
180.763167
79.66734466
98.24678802
110.7923832
189.7387421
108.2155186
177.6107512
83.26547039
76.39036937
139.9975691
80.88310303
89.60571644
87.11257285
99.95369093
186.2297083
124.3178493
44.13603745
34.42191509
141.7614623
121.0931487
103.2776944
192.94299
156.7354137
154.0130588
165.341866
243.0056281
147.2486134
106.9881191
119.9400792
103.879501
66.89952891
60.96676069
20.89051033
112.4823183
55.72176036
68.69784737
176.3809224
216.5480428
123.0611306
112.6433903
140.3438739
270.5076348
168.2356561
89.28310514
135.2165391
83.57862549
81.24865396
17.47025108
32.86084054
85.22901702
40.59368646
39.28860873
127.5719057
176.3364417
13.11044324
65.4216746
126.0263172
105.8424155
160.4072075
71.56995973
52.48484876
50.3319118
132.0310741
131.4011016
132.1877619
32.02475955
149.7127821
165.4267957
201.4768418
19.84210176
107.810923
157.5453639
71.5857395
62.66837793
54.81392942
84.53995637
36.76871961
160.8365414
139.263344
144.8786689
35.32088877
139.7775737
76.75779319
230.7513052
56.84735785
210.6170759
185.1276849
38.61986867
114.1684271
162.950842
90.29826539
127.8707648
81.74746661
190.4220871
174.0516084
187.4957234
127.3051768
220.0252478
127.1277577
124.5750863
94.09231795
52.11067957
66.21349084
76.09199407
29.01318607
164.545448
117.2137201
124.5569554
146.1093192
204.5022482
87.51284876
88.67433205
222.7253211
62.25215285
176.0549641
33.84461485
46.00562893
155.6704331
56.15130866
142.449557
23.59895725
29.27687942
107.224433
81.95394355
103.3285815
284.4609743
142.4142727
56.60911117
53.51837197
61.63107717
150.5577078
82.29402554
141.3329874
21.70287755
37.35808925
66.42026154
66.94583772
55.41631764
62.41678781
120.4803385
181.6291483
82.73533886
92.52813373
172.5255671
37.30732347
64.7468651
152.2528404
107.4774564
51.90953711
183.922416
166.5985369
145.7929927
49.57239994
159.9460754
115.8124003
111.2026688
95.51435706
49.03759277
167.6452927
56.21174238
153.630831
126.1273966
17.38946126
121.2465651
190.5730836
126.9924837
63.37064919
164.8321374
186.3552292
72.09075729
44.76529886
256.7080533
72.4295846
103.3323754
91.01612873
85.16474777
159.005097
89.79967378
72.27077856
75.17860678
134.6497681
79.36419471
39.42197549
129.1560487
164.8163027
76.26414393
108.8104312
220.9226557
15.83912958
204.655133
63.71769733
196.3030567
142.898671
51.25361506
117.6877034
79.27018752
144.0245888
175.4789143
150.8774262
268.7733599
57.3474125
114.5914328
146.9403586
99.01262622
239.4319878
224.7933077
22.6033427
95.51866437
80.58401816
116.8987726
51.62185944
71.4201132
227.2110948
95.76301125
189.4025103
178.6672253
36.96484913
59.01583347
100.9944486
111.4744207
93.80620855
17.44216662
125.2114052
172.856343
207.0181006
99.25415047
120.1678124
75.27832885
150.6230266
67.47298156
105.6410846
17.58753283
112.7279087
66.97649535
82.59877901
116.5145906
122.0685771
56.78274255
90.86067215
80.79075288
174.2680105
86.41327926
71.20926696
121.2164017
78.84862551
136.2364256
28.06579528
49.7226962
62.7967094
96.81148007
79.76481585
27.79557915
65.03167164
163.4847851
165.2265771
115.6856026
119.4797194
176.9948894
161.4768602
139.6368268
40.77113445
91.82293756
55.48913691
94.4769953
43.20653045
54.25165875
39.5066148
166.3507234
96.45665267
93.03234674
42.5196081
154.5274244
83.30681674
61.71416811
81.87069816
42.66438731
102.0776085
230.0023777
77.1241176
170.7124411
75.32341385
201.2913766
23.83334695
94.80902868
244.2418991
146.5990126
137.8722483
151.6711107
95.32364994
104.6698088
49.90303895
62.70994166
193.4732308
49.35530461
103.3901556
70.05488208
98.86986638
39.21434444
93.19212287
127.1151406
184.2352947
94.53914014
156.4377451
35.12994747
144.2199017
144.6819888
137.7350903
163.1965487
133.354329
38.8182743
31.62145194
74.8760666
88.24098316
219.3469755
155.5053974
97.28210592
90.9886661
110.2847814
243.1571997
237.5779132
56.09752189
180.6521997
162.2127512
70.01836469
85.86851463
103.4169452
150.0773903
122.2413068
207.8318265
76.90342275
171.0916779
23.15108718
96.98507468
242.3261189
123.793596
165.4948824
19.0291593
176.790332
31.74439366
143.5196942
54.01230199
134.6598711
4.828430482
196.9110344
42.24610383
58.57237265
143.3642559
107.1775976
137.6068204
114.9620745
109.7623197
45.64602304
35.29482493
86.29248234
87.94064497
106.1747049
53.07204737
75.11798534
96.64124193
198.2206892
90.6616668
145.9500651
27.28811253
225.1419074
168.7433061
187.9866964
136.1074295
187.4806426
176.8090532
224.5424761
124.8085948
211.2934758
79.05522349
170.1047789
3.083970426
111.6294889
88.02571167
79.93378067
36.02269363
81.82477088
90.50384054
106.0542606
72.61790414
139.7209246
124.3410572
128.6365272
86.60215529
95.44034584
88.74168587
106.3917567
51.94584849
82.24509021
120.0243253
169.8396687
48.09019358
169.3192588
21.95587185
195.5396464
58.13634639
119.7332298
90.94772587
74.67163126
126.0616271
89.73840783
99.02193349
19.26743614
89.37770016
48.6195543
90.02760497
101.2329943
94.89090505
132.4926152
95.76487234
164.9405883
66.87757831
92.52852343
35.64298347
134.9848485
140.6799448
95.03445911
103.6544768
197.2127546
115.9498671
120.3582059
105.2523676
29.99144492
69.89563182
44.76815766
104.9799228
12.02857137
182.5370977
198.8377108
116.9063375
181.7618168
133.773798
39.49567266
107.5894469
48.96130414
58.1749222
117.0373033
85.8138747
93.85335307
53.83258945
48.54449396
87.53630015
60.79384003
87.83854441
44.25165833
159.5666473
52.0588699
33.90296738
35.52850122
80.34505763
106.291333
127.0032179
90.89980327
136.4299726
105.2191871
110.9454748
92.97218701
132.3344785
30.00481823
98.66110257
149.7576553
113.8547011
69.50063921
140.9646332
113.0960155
37.44757352
66.28143105
125.4986986
94.405426
141.3156679
53.4644718
155.6354912
127.239972
35.36326648
142.0483981
34.83370075
205.1406328
55.76418846
184.6284747
82.80485863
153.6404835
66.20572373
99.12378477
39.65042013
119.0890308
106.137965
131.7209102
36.7216256
1.797434441
146.5502698
84.26155211
42.10423666
60.8421484
52.20609683
143.0398831
34.36830844
53.56249408
78.30830368
139.5556421
197.8703027
219.229032
29.92130087
215.2813768
134.4282
54.83348771
23.0162436
49.35103109
26.041276
38.96170102
76.83659411
172.4587885
114.2673762
162.3536198
89.89580547
51.97503382
133.2932317
151.4108058
194.8688996
19.34361024
95.46440692
27.75373877
17.7756697
73.34083863
82.79697309
161.5809297
150.7572611
87.34075859
161.7735214
129.3316917
132.9423939
82.303691
36.79838043
114.8835483
50.25881496
22.77557568
54.85370829
14.54026175
58.17305456
78.93394887
98.09720186
76.86963011
57.60694426
136.7337979
122.3291368
69.24060242
163.5239949
89.62624172
48.83483872
29.84255548
63.53152712
40.67157399
108.5432749
71.19516069
42.0680427
157.0920936
127.9424771
87.95237916
89.55526882
84.91252378
184.757188
192.4161231
9.589402795
68.62501186
42.29820284
154.8833014
100.8212468
98.51327984
17.35855092
21.9638327
184.1231121
83.85784727
135.7781572
133.7504327
164.9072633
94.96647553
34.64771231
71.43234014
169.010628
91.16736903
148.5818461
9.832851431
164.096838
229.3783955
144.1903974
105.8798938
16.39628369
92.91793953
82.22752451
95.85252956
58.17176983
17.27921582
89.2387594
122.8126468
94.86698716
89.30508972
64.50249671
60.2859728
47.3671724
61.64947031
42.30610254
100.2308458
78.82555109
182.2187161
118.4150242
206.6260977
97.36857124
145.6274182
91.57296926
123.1741942
63.96448079
67.942267
123.0216874
147.5382801
172.3480285
168.1351511
115.1866795
84.99425257
32.06987499
98.65409262
103.9410134
45.33788897
35.87521138
142.4083344
107.2560149
190.2664426
58.64889023
147.8287797
120.7227631
104.7340054
92.39720264
79.6135206
152.4569046
94.748303
145.4271879
125.7877644
89.87964433
33.00283705
46.57602698
158.9837536
74.58604159
79.77756407
104.7035304
87.43181729
69.37846149
69.66941504
50.06587078
78.27346599
48.87523725
159.2910395
62.85970301
66.59114375
86.6383391
61.42893517
46.47668335
23.85743739
49.6514159
111.9343533
78.42172376
115.7049223
248.7860996
86.5761834
99.63133738
114.0397784
134.6358657
154.300154
167.9906519
125.6666583
182.5672258
62.44728412
160.8793962
34.32227033
232.1972855
212.0895683
168.215631
135.8511568
117.7125679
128.1325985
59.9639871
5.336041658
190.3454278
142.6273495
95.45111597
14.01677867
16.6406091
56.12937337
54.02902393
83.82381861
99.11585192
33.95660479
94.60423812
214.0137281
155.0227119
29.5584306
82.06806269
178.499408
151.391556
77.38124201
130.6326201
56.83623681
78.19670315
235.233804
147.1325834
32.43935267
116.9862703
108.1864172
156.6744795
92.08807817
141.8995836
68.05997983
206.1021538
19.84545498
114.3519801
52.77355439
97.13527324
152.9142875
149.1935741
114.0260882
26.87049331
62.1245989
47.44984437
92.95601519
23.89925633
80.29010442
75.30628329
216.1448079
229.4443507
244.5226184
88.03805355
85.43066403
88.43038064
69.58805953
202.4621206
167.1325159
101.2714333
57.32591531
111.4748801
65.51128507
30.50332222
118.82198
48.43889034
60.13827789
192.2005503
172.9060175
114.258455
120.6926587
51.95037658
100.313344
116.9847897
79.53101333
127.4508539
96.50943728
127.8461852
97.32243263
43.11757318
120.678691
238.0089205
155.6767277
48.95771663
143.8885491
165.3626458
71.48520591
106.9003374
30.82738923
89.36523221
128.762027
128.9477288
181.4259171
111.4955542
100.7319029
79.83968373
100.2333321
80.48508807
129.3990394
78.62484824
128.7851226
22.54641286
151.5252775
90.61698339
94.66250832
223.4676168
126.7118638
15.12481777
152.7400954
83.67377283
103.0276882
53.35703357
125.78178
73.21491609
227.0725973
100.0102082
175.7602036
87.09791366
94.25059177
10.78150996
99.86640647
88.68908548
49.98112243
61.98276706
137.4668715
153.2504095
62.43197397
92.3707033
165.8738672
86.82163602
81.45860466
106.4514428
102.8356495
165.9371772
128.1617085
130.8489852
104.8123764
22.85811346
108.4267309
104.2146487
153.1219905
159.752845
46.39525831
89.22139981
139.4851553
70.58948661
247.2742153
173.939983
248.3623446
57.42136875
90.16405396
92.28380216
125.4870814
105.9003562
102.1423833
28.21510891
39.27222429
131.8192646
65.24858813
187.3617553
129.728344
229.7891581
84.31848706
49.2413645
96.06929145
43.55054162
49.77064672
94.7912745
36.28826689
124.3412437
63.57522433
110.1026534
122.913985
83.5587781
133.5550308
271.7518378
210.3700171
197.863043
110.3633174
197.8559189
241.6531796
226.8388875
82.80730932
116.6140802
121.6069125
109.5261686
40.85408414
148.7740219
102.7362401
40.36663187
89.96945416
53.89591743
139.3740592
62.69369018
60.50832986
26.9285244
105.3411359
119.3266604
52.46717587
110.9103053
101.3250516
138.0704467
200.7741415
42.79393811
79.52994835
45.77632979
57.53463969
109.8353492
133.7261156
56.56377969
46.13960096
75.45676397
30.5446152
104.1684243
108.610729
42.56627598
17.89376054
71.09808378
75.0666296
175.8981547
108.2104018
130.6754806
137.2574806
92.1849676
120.7059747
110.8150579
59.53401074
89.99904894
101.5591954
110.4431174
28.59021225
175.1381691
149.7108921
199.0349862
75.77869498
128.5979373
165.726108
175.9748705
58.46729387
36.50017714
47.97853202
114.9422451
126.8085203
34.68867544
92.65242874
87.28715007
112.4716988
130.5547101
116.4267203
180.6763608
159.5359522
239.7422476
186.1492553
137.4609768
42.53545135
17.03925944
21.92105226
143.2867694
123.6134629
49.66122278
127.5390491
202.3286124
151.0635979
58.70384975
95.18742173
115.8474451
68.23019054
143.3790081
70.02371231
182.5179312
82.29582823
95.49965036
206.3162547
204.464961
130.8415244
85.92041107
40.20171326
98.731466
111.4009177
236.7981369
143.8724664
128.2246091
131.4741728
63.01401487
79.27357502
19.25597993
29.30944148
57.20923346
110.8155361
24.7382471
116.8531117
129.8304087
192.3344832
63.43711777
37.04163091
132.8763466
28.67177745
122.1840104
96.76688895
123.2687241
122.4192052
66.24678472
64.66969807
94.33538727
65.65206545
13.51773416
154.9775393
133.6687506
160.9954876
114.0680436
73.31802666
49.06368982
109.8841826
143.1981784
111.7549759
72.34261276
149.0349552
161.0048426
