55.587433
32.5693577
3.73311192
9.477207381
4.379170407
5.074416982
4.135640636
2.83276682
3.940133351
2.274493631
2.053891888
1.687170308
3.15841288
1.056971275
2.765568725
1.669738434
3.040070819
0.7953451407
2.658692083
2.149472847
0.6806152798
1.997973184
0.754176368
1.222608193
0.01202650705
0.9892653732
0.8173924495
1.025854245
1.395766135
1.752274356
1.577686708
1.121061422
1.633653938
1.17682031
2.175865314
0.6367660979
1.643212823
0.2707935356
2.185102608
1.214633358
1.622040451
1.152199974
0.6672850199
1.113928839
0.7665564058
0.5746157307
0.9281729972
1.129404261
0.6757296233
0.9636900937
1.148692992
1.353195675
0.7690061734
1.543582256
0.6128006429
1.638319313
0.8601563596
0.7414525971
1.136086084
1.639871306
1.123767106
1.098056058
1.360263105
1.314292146
0.3730658399
1.241033495
1.184633657
1.516939646
0.9362714402
2.228251253
0.756642267
1.692940455
1.950467834
0.8122491882
1.340744862
1.434529645
1.219813774
0.3930096563
1.281949585
0.4690918356
1.081029384
0.8072028767
1.064398455
1.219202542
2.289829094
1.538843721
1.73016911
1.891140022
1.120687973
3.316081515
2.138476624
4.714298755
2.448898025
1.62413093
1.172799986
1.110429046
1.052213879
1.613335885
1.136977614
1.652150078
1.426644868
1.575997834
1.6706353
0.9721921082
2.199379568
0.5375758039
2.543430199
0.3195101246
2.550552656
0.6444695146
2.773021804
0.8239249737
2.70938233
2.070605971
1.825603933
2.227625218
1.933612188
1.981664689
0.5869729874
3.207791423
1.252949367
3.568693355
0.731419209
3.020221203
3.458868873
4.792342742
2.390338998
3.61460324
3.482415716
2.817874386
5.148055052
3.37015259
4.442380863
0.5874211007
6.146585582
0.9485761477
6.424341105
3.545022967
7.625724992
5.710608595
7.611760177
9.627086706
9.436852075
10.66073621
6.250776879
16.85057954
5.583059874
21.4671804
1.059780921
33.177431
10.49764106
58.2855134
42.45180338
227.189506
254.3556694
84.1816787
53.05341766
25.60247795
34.9200176
10.67506558
25.869777
2.369476987
20.10142027
3.593488964
17.02574735
6.634703295
14.45485761
7.084255298
9.588956287
9.440256753
6.805475464
10.44649081
4.331134484
10.71423927
2.382369444
9.416740795
1.093650278
9.609364102
2.92110231
8.940154427
4.159085809
7.43679063
5.652491078
6.423142273
5.884779915
4.566806591
7.204072912
3.012543698
5.899759863
0.633098503
6.788108582
2.475559183
7.716795536
2.532951668
5.680978865
4.792481947
6.047559889
3.837369754
2.447812191
6.935588725
2.530760381
6.993963036
2.1037031
7.23452276
0.5182452283
5.285771478
3.127716294
6.083357122
4.676219464
6.683851869
4.308818982
4.910823132
4.946552018
3.072289152
5.939674636
1.829611361
6.047391704
0.6929741968
6.33688798
2.647986771
6.789007073
3.476608527
6.084347165
4.48817048
4.373634064
6.301390238
3.226279456
7.455779559
2.07010431
8.361577482
0.9147233811
6.993406611
2.997243636
7.80761459
5.44479624
7.993154166
7.312069421
7.277268992
8.825091245
5.00991124
11.27343103
2.709116052
13.01964204
1.211013164
15.17315628
5.568563479
18.3453317
8.951318822
18.42519727
16.91802804
19.90142591
27.72189439
19.68855381
52.48705541
20.59523007
162.7731085
276.0198199
161.0432177
19.12687121
50.38152621
17.29177494
25.40798713
16.64735875
13.70614362
16.53726851
8.317055923
14.2350721
3.768972294
12.44279641
1.161601823
9.981003072
1.998211153
8.076391927
3.799018749
6.208359213
5.001632514
4.438308476
6.044640798
3.748637582
5.421937179
2.055539611
5.039293247
1.023126684
4.371236521
0.9511657878
3.886612032
1.697891197
2.993968032
2.167899994
1.391767816
4.066933975
2.300852608
2.424501239
0.4713756429
3.857191125
0.8342579897
4.473851957
0.6012649765
1.924453889
1.518634166
1.742036129
2.841904791
2.094096134
3.426741388
2.96296157
1.302542635
0.4604338143
2.457170374
0.7706257839
2.223356038
0.4063840398
1.739038911
0.9515809884
2.097614712
0.2822729813
0.6792061867
1.314788807
0.9590044247
1.190423782
0.8456019517
2.639476609
0.7815650137
1.344905411
0.4525805253
1.48267509
0.9011567183
1.481105061
1.481472381
1.623072107
0.6901273273
0.4127603388
1.085084357
0.5628932944
1.914760026
0.6826334513
1.753824896
1.030968283
1.813041167
0.5521030037
0.109630329
1.167976825
0.2535324364
2.129197699
1.493689614
0.9104404564
1.047722289
0.3510007479
0.644129462
0.3699458702
1.118859749
0.6567625467
1.675122237
1.583593229
1.049274685
0.9860942866
0.7422224679
0.4742703573
1.354152068
1.241407638
0.8911045419
1.191347541
0.5152736147
2.535422027
2.391903898
1.88502564
1.677881908
0.617208059
0.7408849369
1.486337708
1.018705639
0.4576724542
0.6668158977
1.946998412
1.046558533
1.467474123
0.8538886025
1.816123566
1.093640581
2.304914391
0.263852741
1.887185542
1.080711776
1.30641684
0.6280335845
1.753961973
1.390068406
1.124417991
1.021242998
1.205847854
1.737702817
1.257363616
0.8829911035
1.485105684
1.953957993
0.8303554632
0.6754477687
1.631823314
0.2843784694
1.153932544
0.7699023919
1.260080888
0.2747960631
1.056299559
0.2443218104
0.5788152541
0.5479604961
0.7368825585
0.5674425315
0.4190692054
1.002386302
0.8035847631
0.5933043833
1.352451977
1.020365299
0.5514102153
0.5693366685
1.602871799
2.280054748
1.956171206
1.885022581
0.3667496839
1.414063487
0.4005611633
0.4438942532
0.607991556
0.2397624326
1.298809219
1.306329685
0.9123552734
0.1282920999
0.5404902927
0.4126216788
0.3641437897
1.064243951
1.58471571
0.6805584976
0.1974289259
1.26560448
1.633072347
0.4199947799
0.6736214756
0.4756780928
2.458357743
2.132264845
1.141931296
1.564861274
0.1891082512
0.604016215
0.8837380336
0.7229350107
0.5142574436
0.6809164077
0.5472149006
0.5736006904
0.5768747226
0.5920292886
0.5940534258
0.3082341475
0.8265954924
2.315485103
2.08733961
0.3230533787
1.489525566
1.195313629
1.1292727
1.440475748
0.8772269589
0.7059259736
1.210103908
1.158603756
0.2456743546
1.075870537
0.8991856742
1.3765795
1.152967451
1.290920917
1.186757707
1.223166832
0.3647999926
1.057159537
0.8019314252
0.2082384714
0.9894353925
1.298673522
0.7554481957
0.5611366438
1.205557224
0.4056523545
1.009801022
1.303292305
1.276891082
0.6164808891
1.502094292
1.726373141
0.5565639695
0.886495496
1.059015424
0.5517239898
1.31442828
0.8746480868
0.8632632588
0.9473000687
0.847597283
0.529967216
0.7192850562
1.137075558
1.493072637
1.508427994
0.5678219854
0.8301288532
0.3986571054
1.258720331
0.9540275714
1.524594713
1.634638389
1.857602437
1.001633679
1.31538602
0.5654548591
0.1976124393
0.6342484395
0.6573475751
0.5758745547
0.6104542525
0.5115282432
1.33446907
1.237545082
0.8698436095
1.051366639
0.7593210349
1.339957521
0.1837776582
0.7360976842
0.592335151
0.8293133023
0.8629356184
0.4667139638
1.938555426
0.9780719291
2.406894071
2.345326442
0.3274270578
1.328368328
0.9478027208
0.1548023684
1.054728408
0.4490118069
1.072588458
1.583456072
0.6890754099
0.6892468639
0.7920727147
1.612032189
1.075409368
0.9055277096
0.8107861025
0.9079269551
0.947829949
0.6807979704
0.5831612997
1.157790905
0.7212717757
2.237997184
1.678200726
0.03340339755
0.5557510922
0.1823731693
0.4570387594
0.2891929223
0.5355362666
0.9730166579
1.997684172
0.6156262546
1.145026364
0.9131685255
1.439852126
1.313264617
0.5059772617
1.0055294
1.171930628
0.6740449667
1.420170489
1.31589364
1.081984123
0.8595626507
1.516652764
0.6991982604
1.212372668
0.5399398136
0.702124673
0.919670215
0.5549488725
0.7484285514
0.8086037097
0.8964193881
0.8573138696
0.6935697993
0.773524146
0.8853083411
1.72113302
0.7970344632
0.2710482002
1.040943969
1.400635087
0.4827014419
0.7206680606
1.042445023
0.6979027054
0.5330320688
1.01147243
1.041862468
0.7204338432
1.744574194
1.371911053
0.7810490268
1.045483905
0.9351638965
0.3875702922
1.036670005
1.071599671
1.143603009
1.157541546
0.9541244805
0.8141927368
0.6175191314
0.9242492651
1.20403683
0.7848327638
1.39932876
2.348037089
1.164862954
0.9715102724
0.9012897597
0.7525607706
0.9819627466
0.1723848211
0.9453672526
0.7088712023
0.6419166017
0.294533882
1.591287034
1.842838446
0.4144418105
0.6600919776
1.092909144
2.096931683
0.9505371611
0.6268481264
0.8193958039
0.7498786649
0.3663225263
1.05344082
0.7905803333
0.52090299
0.4099141255
0.8087015507
0.1348848358
0.9548011902
1.058425502
1.22129293
0.7308598378
0.2069569308
0.5808400621
1.019308855
1.057772052
1.050408063
1.468941933
1.047555844
0.4316827673
0.7038304394
0.5314817042
0.724785684
1.112014313
0.9156292398
0.3988792096
1.043920952
0.265923782
0.8060506121
0.309269155
1.549488417
0.7238882428
0.6108606088
0.1949617098
1.439395979
1.200911579
0.6351781273
1.130987972
1.292366642
0.3513210673
0.208734415
0.7632477941
1.136598354
1.506179486
1.426543384
0.4169567683
1.588650385
1.35207281
0.931697549
1.246631979
1.15282789
0.6849888425
1.375449162
0.5168120508
2.600937964
2.350683771
0.6027080681
0.7437951658
0.4499798113
0.8348199699
0.8450002989
0.6674270717
1.295378678
0.2418205201
0.5189790818
0.6957897322
1.75304448
1.822251942
1.174351166
0.9297392055
0.3042110798
0.2725218355
0.6043145369
0.7460772333
1.73787257
1.801551892
0.4107318124
1.382340287
0.1808342808
1.322581316
1.000653426
1.278586252
0.4950902792
0.1249712443
1.000961392
1.743471017
1.166468187
1.194332574
1.20376789
0.5944504058
1.388273954
1.070560693
1.91286451
1.306471768
0.4486287364
0.1626897654
0.7395626988
0.7055806759
0.5877946424
0.2547304202
0.5572696627
1.391225831
1.537273743
0.291830839
0.8749368516
0.3953662415
1.311861337
1.10703816
0.4873143531
0.961577475
0.6744421145
1.121283122
0.6974655527
1.165373847
0.6758533097
1.12251225
1.607062899
0.4813108734
1.444205834
2.441536485
1.119819901
1.009855359
0.2689189835
1.928598843
1.040815696
1.03428496
1.054174333
1.100501843
0.282221603
0.8059164087
0.3700171178
1.373569354
1.107771443
0.8375499827
0.4693973199
0.3748754376
0.7371711623
1.430965355
0.3521648404
1.637241599
1.550063537
0.6999468684
0.737287487
1.675553941
2.235612394
1.124535753
0.5932226617
1.691918998
2.001940129
0.8102698053
0.7268150079
0.8799072363
0.5838905151
0.6940543914
0.3643467077
0.7208639554
0.7804164967
1.318354618
1.109095114
1.219266125
0.4460098441
0.6742299572
1.181267234
1.12324037
0.3589724583
0.5706449498
0.4605459618
0.6637234787
0.3965958392
0.9958619716
0.5652144175
0.7744408347
0.363479196
1.354709535
1.673287687
1.179850475
0.6625135044
0.7891282047
1.102335479
0.2522188848
0.5376275035
0.8800626067
0.716267273
0.4596057376
1.386278886
1.28048966
0.3905789419
1.486470873
0.4014971151
1.060791766
0.6859969749
0.3633149736
0.6557450695
0.5639851687
0.775781836
1.111918701
0.8151274173
0.3079921426
0.6806469552
0.2482611327
1.487593407
1.016892795
0.9928253028
1.634327003
0.62449138
0.2417689892
0.7331664285
1.648761003
2.469227435
2.362516003
1.741627228
1.590487703
1.531942177
1.07051688
0.8781813503
0.4572307012
0.6912678403
1.503363512
1.669220041
1.772083675
1.013663069
1.393749788
1.100136826
0.4343582919
0.7580595628
1.613892072
0.6078852786
0.7926712626
0.3110727572
0.7808217845
0.6705283165
0.6253199977
0.9635713016
0.3638975739
0.9234011913
0.9075571814
0.5082792947
1.749007012
1.962989495
0.2944227196
2.017988506
1.704778388
0.351406072
0.3916371315
0.455264911
1.360573584
1.84641046
1.081526285
1.094742879
0.3452096209
1.345558805
0.5255817106
0.2760456666
0.5083128445
0.732565185
0.3403546826
0.3793025936
0.775702855
0.6661881615
0.6857877793
0.6475090926
1.436243531
0.5647878716
0.8305162494
0.427302223
0.5967045626
0.9513551391
1.074822477
0.4114459254
0.4209421185
0.7468482414
0.7177230318
0.1535307401
0.3675653374
1.112238407
1.799869941
0.8351225164
0.9436286018
1.179794125
1.156008521
0.7647741678
0.5123889702
0.6820597211
1.296133636
0.7863516895
0.8366565852
0.92482136
1.796358498
1.228610534
1.123718956
2.117296852
1.329298815
1.302967729
1.75135228
1.723594478
1.157592258
1.10283117
1.129768974
1.670291336
1.116070098
1.300225016
1.24251266
1.210397998
0.4912490033
0.2926632106
0.1801518549
0.5088936502
1.007435927
1.092405351
1.464463903
1.523577089
0.9159539784
0.214749131
0.5379687918
1.682204711
1.687708957
0.4718869498
1.617734668
1.139317741
0.9577927515
0.5709725073
0.3145508677
0.7096708256
1.104562777
0.8331337044
1.464114015
1.165105748
0.05994984751
0.3607662421
0.9724296523
1.477108639
0.1492567064
1.170907766
0.3221981525
2.271839446
1.963335894
1.267190337
1.499763041
0.7297880079
0.988574305
0.3740132295
1.026159179
0.2584146718
0.8755501874
1.343861635
1.620632841
1.059453516
1.949148032
0.1751831243
1.193221064
0.85227247
1.307176067
0.7119008202
1.15001125
1.834378763
2.220225629
0.4864263879
1.427613847
0.8502889236
2.279111524
0.393676199
2.141672199
2.185511217
0.9483291439
0.5937754598
1.041013822
1.187085536
0.5090075931
0.5846839248
0.543975191
1.091831522
1.724480494
1.098416838
1.558390184
0.04071839648
